,0,1,2,3
0,-0.15650416424621327,0.0,-0.9876772988044193,0.0
1,-0.16420889286348395,0.01033823056984379,-0.9863686022140234,0.0023539455361100223
2,-0.17182257301199938,0.020724252522925323,-0.9848986912155874,0.004698595824876921
3,-0.17934377616645555,0.031155936722119304,-0.9832678478256803,0.007032566357897913
4,-0.1867711012598089,0.041631138156730786,-0.981476386800165,0.009354476129991657
5,-0.1941031749914055,0.05214769643799457,-0.9795246555636811,0.011662948054333757
6,-0.20133865212779334,0.06270343629881309,-0.9774130341316278,0.013956609376533723
7,-0.20847621579614672,0.073296168097611,-0.9751419350246496,0.016234092087543686
8,-0.21551457777023222,0.08392368832618409,-0.9727118031756584,0.018494033335289636
9,-0.22245247874884952,0.09458378012141969,-0.9701231158294061,0.020735075834916135
10,-0.22928868862668117,0.10527421378076311,-0.9673763824346362,0.022955868277535908
11,-0.23602200675748636,0.11599274728130532,-0.9644721445288365,0.02515506573737601
12,-0.24265126220957878,0.12673712680236565,-0.961410975615626,0.027331330077212758
13,-0.24917531401352674,0.13750508725144142,-0.9581934810348008,0.029483330351988066
14,-0.2555930514020185,0.14829435279339748,-0.9548202978250717,0.03160974321050019
15,-0.26190339404183716,0.15910263738276526,-0.9512920945795273,0.03370925329506233
16,-0.26810529225789015,0.16992764529902304,-0.947609571293856,0.035780553639023494
17,-0.2741977272492423,0.18076707168472564,-0.9437734592073683,0.03782234606204581
18,-0.2801797112971024,0.19161860308635262,-0.9397845206368478,0.03983334156303385
19,-0.28605028796471366,0.20247991799774293,-0.9356435488032818,0.041812260710611525
20,-0.2918085322891065,0.21334868740598328,-0.9313513676515074,0.043757834031043066
21,-0.2974535509646643,0.2242225753396167,-0.9269088316628156,0.045668802393495175
22,-0.30298448251846477,0.23509923941903715,-0.9223168256605642,0.04754391739253801
23,-0.30840049747735576,0.24597633140893627,-0.9175762646088412,0.04938194172778361
24,-0.3137007985267276,0.2568514977726658,-0.9126880934042274,0.05118164958056078
25,-0.31888462066094714,0.26772238022838135,-0.9076532866607141,0.05294182698752657
26,-0.32395123132541964,0.2785866163068303,-0.9024728484878188,0.05466127221111475
27,-0.328899930550249,0.28944183991064787,-0.8971478122619623,0.056338796106723384
28,-0.33373005107546405,0.3002856818750245,-0.8916792403911539,0.05797322248654316
29,-0.3384409584677876,0.31111577052960593,-0.8860682240730472,0.059563388479930465
30,-0.3430320512289204,0.32192973226148924,-0.8803158830464207,0.06110814489022835
31,-0.3475027608953202,0.33272519207917695,-0.874423365336149,0.06260635654794182
32,-0.3518525521294519,0.3434997741773504,-0.868391846991717,0.06405690266017161
33,-0.3560809228024943,0.35425110250232195,-0.8622225318193513,0.06545867715621502
34,-0.3601874040684848,0.36497680131803256,-0.855916651107822,0.0668105890292406
35,-0.3641715604298884,0.37567449577244877,-0.8494754633479943,0.0681115626739461
36,-0.36803298979457877,0.38634181246422455,-0.8429002539461818,0.0693605382201093
37,-0.37177132352422476,0.39697638000948865,-0.836192334931386,0.07055647186194294
38,-0.3753862264740692,0.40757582960861555,-0.8293530446564801,0.07169833618316558
39,-0.37887739702410006,0.41813779561284237,-0.8223837474934204,0.07278512047770168
40,-0.3822445671016079,0.42865991609059284,-0.815285833522549,0.07381583106592507
41,-0.3854875021951292,0.43913983339336743,-0.808060718216068,0.07478949160636093
42,-0.38860600135977674,0.44957519472106183,-0.800709842115764,0.07570514340276352
43,-0.3915998972139608,0.45996365268657374,-0.7932346705050507,0.07656184570648651
44,-0.39446905592750614,0.4703028658795592,-0.785636693075423,0.0773586760140656
45,-0.3972133772011728,0.48059049942919885,-0.7779174235873889,0.07809473035993292
46,-0.3998327942375899,0.4908242255658373,-0.7700783995259739,0.07876912360418542
47,-0.40232727370361565,0.5010017241813555,-0.7621211817508678,0.0793809897153287
48,-0.4046968156841377,0.511120683388138,-0.7540473541413121,0.07992948204792175
49,-0.4069414536273265,0.521178800076498,-0.7458585232357997,0.08041377361504612
50,-0.4090612542813677,0.5311737804704235,-0.7375563178666906,0.08083305735552812
51,-0.41105631762268596,0.5411033406815035,-0.7291423887898103,0.08118654639583962
52,-0.41292677677568884,0.5509652072609031,-0.7206184083091417,0.0814734743066088
53,-0.414672797924052,0.5607571177492479,-0.7119860698966873,0.0816930953536702
54,-0.4162945802135761,0.5704768212242795,-0.7032470878075975,0.08184468474358672
55,-0.4177923556466411,0.5801220788461546,-0.6944031966906572,0.0819275388635766
56,-0.4191663889682915,0.589690664400244,-0.6854561511942276,0.0819409755157808
57,-0.42041697754398555,0.5991803648373019,-0.6764077255677344,0.0818843341458065
58,-0.42154445122904327,0.608588980810874,-0.6672597132587985,0.0817569760654849
59,-0.4225491722298309,0.6179143272118064,-0.6580139265061096,0.08155828466978263
60,-0.4234315349567231,0.6271542336997251,-0.6486721959281393,0.08128766564780712
61,-0.42419196586888064,0.6363065452313567,-0.6392363701077904,0.08094454718784881
62,-0.424830923310893,0.6453691225855571,-0.6297083151730862,0.08052838017640335
63,-0.4253488973413263,0.6543398428849191,-0.6200899143739986,0.08003863839111959
64,-0.4257464095532276,0.6632166001138275,-0.6103830676555179,0.07947481868762048
65,-0.4260240128866347,0.6719973056328394,-0.6005896912270662,0.07883644118014389
66,-0.42618229143314246,0.6806798886892526,-0.5907117171283591,0.07812304941595577
67,-0.42622186023258124,0.6892622969237459,-0.580751092791822,0.07733421054348522
68,-0.4261433650618613,0.6977424968729585,-0.5707097806016588,0.07646951547413561
69,-0.4259474822160421,0.7061184744678849,-0.5605897574496912,0.07552857903772618
70,-0.4256349182816868,0.7143882355279656,-0.5503930142880631,0.07451104013152167
71,-0.4252064099025622,0.7225498062507458,-0.540121555678931,0.07341656186280657
72,-0.4246627235377485,0.7306012336969828,-0.5297773993412322,0.07224483168496461
73,-0.42400465521222536,0.7385405862710838,-0.5193625756946567,0.07099556152702517
74,-0.4232330302599993,0.7463659541967491,-0.5088791274009217,0.06966848791663931
75,-0.42234870305984373,0.7540754499877095,-0.4983291089024631,0.06826337209644974
76,-0.42135255676372285,0.7616672089134328,-0.48771458595865436,0.06678000013382283
77,-0.42024550301797053,0.7691393894596925,-0.4770376351796621,0.06521818302390836
78,-0.41902848167730056,0.7764901737838764,-0.4663003435580567,0.06357775678600003
79,-0.4177024605117252,0.7837177681649258,-0.4555048079982823,0.061858582553164704
80,-0.41626843490645715,0.7908204034477914,-0.444653134844105,0.06006054665511722
81,-0.4147274275548805,0.797796335482298,-0.43374743940415256,0.05818356069431383
82,-0.41308048814466747,0.8046438455563052,-0.4227898454756549,0.05622756161524053
83,-0.41132869303712694,0.8113612408230572,-0.41178248486650687,0.054192511766877394
84,-0.4094731449398698,0.8179468547226151,-0.4007274969157619,0.05207839895831616
85,-0.40751497257287694,0.8243990473972701,-0.3896270280126751,0.049885236507515425
86,-0.405455330328061,0.8307162061008266,-0.37848323111441023,0.0476130632831758
87,-0.40329539792240904,0.836896745601658,-0.3672982652625272,0.04526194373972201
88,-0.4010363800447989,0.8429391085794354,-0.3560742950983631,0.04283196794537687
89,-0.3986795059965857,0.848841766015427,-0.3448134903774285,0.040323251603319545
90,-0.3962260293260457,0.8546032175762689,-0.33351802548293097,0.03773593606591644
91,-0.3936772274567855,0.8602219919911195,-0.322190078938542,0.03507018834201743
92,-0.3910344013102028,0.8656966474220928,-0.31083183292052996,0.03232620109731407
93,-0.3882988749221049,0.871025771827884,-0.29944547276936845,0.0295041926477536
94,-0.38547199505358715,0.8762079833204964,-0.28803318650094334,0.026604406946007825
95,-0.382555130796267,0.8812419305149751,-0.2765971643174716,0.0236271135609962
96,-0.3795496731719837,0.8861262928720672,-0.26513959811825116,0.02057260765046593
97,-0.3764570347270667,0.8908597810337141,-0.2536626810103576,0.01744120992663019
98,-0.3732786491212772,0.8954411371512988,-0.24216860681940808,0.01423326661487248
99,-0.3700159707115347,0.8998691352065626,-0.23065956960050288,0.01094914940552004
100,-0.36667047413053444,0.9041425813251079,-0.21913776314946953,0.007589255398700645
101,-0.3632436538603662,0.9082603140824134,-0.20760538051452093,0.004154007042286897
102,-0.35973702380124906,0.9122212048022801,-0.19606461350844656,0.0006438520629452466
103,-0.3561521168354925,0.9160241578476377,-0.1845176522214515,-0.002940736609698999
104,-0.35249048438679603,0.9196681109036274,-0.17296668453476433,-0.0065992609257627954
105,-0.34875369597500794,0.9231520352529081,-0.16141389563512273,-0.010331197804658548
106,-0.344943338766455,0.9264749360430942,-0.14986146753025936,-0.014135999231475113
107,-0.3410610171199615,0.9296358525462753,-0.13831157856550144,-0.01801309236017011
108,-0.33710835212867757,0.9326338584105431,-0.1267664029415966,-0.021961879623547897
109,-0.3330869811578342,0.9354680619034613,-0.1152281102338853,-0.02598173885000006
110,-0.3289985573785475,0.9381376061474228,-0.10369886491293073,-0.03007202338698156
111,-0.324844749297792,0.9406416693468264,-0.09218082586672063,-0.034232062231193405
112,-0.3206272402846667,0.9429794650070205,-0.08067614592455696,-0.03846116016544532
113,-0.316347728093077,0.9451502421449584,-0.06918697138274557,-0.04275859790216262
114,-0.312007924380955,0.9471532854915052,-0.057715441532197626,-0.04712363223350781
115,-0.3076095542261475,0.9489879156853526,-0.04626368818805782,-0.05155549618807986
116,-0.3031543556390915,0.9506534894584838,-0.034833835221470044,-0.05605339919415461
117,-0.2986440790724101,0.9521493998131478,-0.023427998093589336,-0.0606165272494297
118,-0.2940804869275532,0.9534750761902943,-0.012048283391957154,-0.0652440430972316
119,-0.28946535305860893,0.9546299846294212,-0.0006967883693429489,-0.06993508640914523
120,-0.284800462273421,0.9556136279198055,0.010624399514833557,-0.07468877397402153
121,-0.2800876098321353,0.9564255457430636,0.021913203050391628,-0.07950419989331921
122,-0.2753286009433091,0.9570653148070134,0.03316755572948479,-0.0843804357827322
123,-0.2705252502577122,0.9575325489708012,0.04438540219679055,-0.0893165309800563
124,-0.26567938135995495,0.9578268993612572,0.055564698696691006,-0.09431151275924554
125,-0.26079282625806743,0.9579480544804538,0.06670341351733511,-0.09936438655060469
126,-0.255867424871172,0.9578957403044333,0.07779952743148327,-0.10447413616706631
127,-0.2509050245153729,0.957669720373081,0.08885103413402368,-0.1096397240364983
128,-0.24590747938800137,0.9572697958711207,0.09985594067606024,-0.11486009143998525
129,-0.24087665005035105,0.9566958057002058,0.11081226789546908,-0.12013415875602342
130,-0.23581440290903177,0.9559476265420916,0.12171805084382106,-0.12546082571057646
131,-0.23072260969608074,0.9550251729128661,0.13257133920957256,-0.1308389716329228
132,-0.22560314694796682,0.9539283972082274,0.14337019773741855,-0.13626745571723994
133,-0.22045789548361752,0.9526572897397924,0.1541127066437171,-0.14174511728985711
134,-0.21528873988160738,0.9512118787624255,0.16479696202787986,-0.14727077608211292
135,-0.210097567956646,0.949592230492579,0.17542107627963865,-0.15284323250875076
136,-0.20488627023549116,0.9477984491176393,0.18598317848208581,-0.15846126795178533
137,-0.19965673943243564,0.9458306767962701,0.1964814148103989,-0.16412364504976829
138,-0.19441086992449264,0.9436890936497564,0.20691394892615347,-0.16982910799238288
139,-0.18915055722642093,0.9413739177443451,0.217278962367131,-0.17557638282029875
140,-0.18387769746572485,0.938885405064584,0.22757465493253431,-0.1813641777302044
141,-0.17859418685776338,0.9362238494776649,0.2377992450635133,-0.1871911833849552
142,-0.1733019211811039,0.9333895826887771,0.24795097021892254,-0.1930560732287477
143,-0.16800279525325998,0.9303829741874806,0.25802808724620924,-0.19895750380724972
144,-0.1626987024069428,0.9272044311851055,0.2680288727473587,-0.2048941150926069
145,-0.15739153396696579,0.9238543985431987,0.2779516234398016,-0.21086453081324308
146,-0.15208317872793548,0.9203333586930242,0.28779465651220615,-0.21686735878837454
147,-0.1467755224328657,0.9166418315461414,0.29755630997506755,-0.22290119126715416
148,-0.14147044725284585,0.9127803743960768,0.3072349430060136,-0.22896460527236306
149,-0.13616983126790302,0.9087495818111132,0.31682893628975234,-0.23505616294856335
150,-0.13087554794918643,0.9045500855182182,0.32633669235257323,-0.24117441191462685
151,-0.1255894656426103,0.9001825542781415,0.3357566358913331,-0.24731788562054946
152,-0.12031344705409144,0.8956476937517056,0.3450872140968447,-0.2534851037084664
153,-0.11504934873650761,0.8909462463573224,0.3543268969715987,-0.25967457237777647
154,-0.10979902057851615,0.8860789911197696,0.36347417764173917,-0.265884784754283
155,-0.10456430529535861,0.881046743510257,0.37252757266322833,-0.2721142212632652
156,-0.09934703792178787,0.8758503552778267,0.3814856223221242,-0.27836135000637735
157,-0.09414904530724537,0.870490714272118,0.3903468909289046,-0.2846246271422942
158,-0.088972145613419,0.864968744257545,0.3991099671067716,-0.2909024972709964
159,-0.08381814781431388,0.8592854047189282,0.40777346407386716,-0.29719339382160564
160,-0.0786888511989596,0.853441690658623,0.4163360199193388,-0.30349573944367464
161,-0.07358604487688918,0.847438632385195,0.42479629787319106,-0.3098079464018275
162,-0.0685115072865108,0.8412772952936916,0.4331529865698612,-0.3161284169736581
163,-0.0634670057065032,0.8349587796375599,0.44140480030545926,-0.3224555438507837
164,-0.05845429577035893,0.8284842202922682,0.4495504792886177,-0.3287877105429551
165,-0.05347512098420153,0.8218547865106804,0.4575887898848868,-0.3351232917851191
166,-0.04853121224799914,0.8150716816702468,0.4655185248546324,-0.34146065394733693
167,-0.04362428738030155,0.80813614301207,0.47333850358436763,-0.3477981554474485
168,-0.03875605064661876,0.8010494413719051,0.4810475723114829,-0.35413414716638636
169,-0.03392819229156581,0.7938128809031605,0.4886446043423102,-0.3604669728660292
170,-0.029142388074893916,0.7864277987919608,0.4961285002634847,-0.3667949696094924
171,-0.024400298811526083,0.7788955649643493,0.503498188146549,-0.373116468183753
172,-0.019703569915717464,0.7712175817856838,0.5107526237457589,-0.3794297935244957
173,-0.015053830949457475,0.7633952837523158,0.5178907906890453,-0.38573326514308004
174,-0.010452695175228635,0.7554301371756067,0.5249117006620968,-0.39202519755551835
175,-0.005901759113240201,0.7473236398583761,0.5318143935855095,-0.39830390071335475
176,-0.0014026021032477742,0.7390773207638438,0.5385979377849838,-0.40456768043634106
177,0.0030432141289253034,0.7306927396771498,0.545261430154516,-0.4108148388467955
178,0.0074341459000568655,0.7221714868595377,0.5518039963125599,-0.4170436748055401
179,0.01176866799326931,0.7135151826952766,0.5582247907511219,-0.4232524843493023
180,0.01604527407674379,0.7047254773314091,0.5645229969777555,-0.4294395611294711
181,0.020262477117293606,0.6958040503104125,0.5706978276504354,-0.43560319685210036
182,0.024418809788691542,0.6867526101958611,0.5767485247052705,-0.44174168171904443
183,0.028512824874644502,0.6775728941911743,0.5826743594770403,-0.44785330487011504
184,0.032543095666315525,0.6682666677515506,0.5884746328125268,-0.4539363548261507
185,0.03650821635428522,0.6588357241891717,0.5941486751766183,-0.45998911993288255
186,0.04040680241485478,0.6492818842717738,0.5996958467511678,-0.4660098888054862
187,0.04423749099059118,0.6396069958146906,0.6051155375265838,-0.471996950773707
188,0.04799894126501523,0.6298129332664495,0.6104071673861395,-0.4779485963274479
189,0.051689834831335955,0.6199015972880362,0.6155701861829848,-0.48386311756270084
190,0.05530887605513711,0.6098749143259193,0.6206040738098448,-0.48973880862771607
191,0.05885479243092131,0.599734836178941,0.6255083402613987,-0.49557396616929184
192,0.062326334932419424,0.589483339559176,0.6302825256893246,-0.5013668897790705
193,0.06572227835657815,0.5791224256468664,0.6349262004500055,-0.5071158824397338
194,0.06904142166113103,0.5686541196395372,0.6394389651448863,-0.5128192509709729
195,0.07228258829567147,0.5580804702954042,0.6438204506534859,-0.5184753064751313
196,0.07544462652613981,0.5474035494711778,0.6480703181590504,-0.5240823647824017
197,0.07852640975264075,0.5366254516543799,0.6521882591668583,-0.5296387468954626
198,0.08152683682050803,0.5257482934902857,0.6561739955151706,-0.5351427794334435
199,0.08444483232453984,0.5147742133035985,0.6600272793788338,-0.5405927950751066
200,0.08727934690632166,0.5037053706149814,0.6637478932655363,-0.5459871330011287
201,0.09002935754456251,0.4925439456525541,0.6673356500047309,-0.5513241393353732
202,0.09269386783836896,0.4812921388584791,0.6707903927292265,-0.5566021675850389
203,0.0952719082833846,0.46995217039074727,0.6741119948494606,-0.5618195790795737
204,0.09776253654072063,0.45852627962029746,0.6773003600204675,-0.5669747434082387
205,0.10016483769861176,0.4470167246235725,0.6803554221015531,-0.5720660388562159
206,0.10247792452672802,0.43542578167064927,0.6832771451086919,-0.5770918528391414
207,0.10470093772307516,0.42375574470906197,0.6860655231596673,-0.582050582335959
208,0.10683304615342287,0.41200892484343216,0.6887205804119687,-0.5869406343199802
209,0.10887344708319618,0.400187649811054,0.691242370993473,-0.5917604261880389
210,0.11082136640177236,0.38829426345353263,0.6936309789259295,-0.5965083861876371
211,0.11267605883912121,0.3763311251846308,0.6958865180412716,-0.6011829538419629
212,0.11443680817473813,0.3643006094544289,0.6980091318907855,-0.6057825803726793
213,0.11610292743881129,0.3522051052099435,0.6999989936471627,-0.6103057291203728
214,0.11767375910557173,0.34004701535232706,0.7018563059994638,-0.6147508759625525
215,0.1191486752787778,0.32782875619077856,0.7035813010410288,-0.6191165097290919
216,0.12052707786928413,0.3155527568933037,0.705174240150366,-0.623401132615013
217,0.12180839876464909,0.3032214589344512,0.7066354138650524,-0.6276032605904952
218,0.12299209999073706,0.2908373155401564,0.7079651417486872,-0.6317214238080145
219,0.12407767386527353,0.27840279112983807,0.7091637722509312,-0.6357541670064994
220,0.12506464314331198,0.26592036075586256,0.7102316825606788,-0.6397000499124066
221,0.125952561154576,0.2533925095405356,0.7111692784523966,-0.6435576476376067
222,0.1267410119326399,0.24082173211073524,0.7119769941256817,-0.647325551073982
223,0.12742961033591255,0.22821053203033462,0.7126552920380771,-0.65100236728463
224,0.1280180021603972,0.21556142123054972,0.7132046627311923,-0.6545867198915757
225,0.12850586424419178,0.2028769194383468,0.7136256246501841,-0.6580772494598901
226,0.12889290456370683,0.1901595536030483,0.713918723956639,-0.6614726138781142
227,0.12917886232157313,0.17741185732127968,0.7140845343349146,-0.6647714887348926
228,0.12936350802621688,0.16463637026038794,0.7141236567919933,-0.6679725676917179
229,0.12944664356308067,0.15183563758047935,0.7140367194508977,-0.6710745628516867
230,0.12942810225747176,0.13901220935520764,0.7138243773377327,-0.6740762051241769
231,0.12930774892902022,0.12616863999146333,0.7134873121624078,-0.6769762445853449
232,0.12908547993773267,0.11330748764809123,0.7130262320930966,-0.6797734508343529
233,0.12876122322162908,0.1004313136537847,0.7124418715245002,-0.6824666133452337
234,0.12833493832595116,0.08754268192429952,0.7117349908399748,-0.6850545418142968
235,0.12780661642393576,0.0746441583791148,0.7109063761675877,-0.6875360665029921
236,0.12717628032914602,0.06173831035770111,0.709956839130165,-0.6899100385761344
237,0.126443984499356,0.048827706035515644,0.7088872165894053,-0.6921753304354047
238,0.12560981503198831,0.03591491383988599,0.7076983703841173,-0.6943308360480382
239,0.12467388965110383,0.023002501865903108,0.7063911870626636,-0.6963754712706173
240,0.12363635768594645,0.010093037292484258,0.7049665776096709,-0.6983081741678766
241,0.12249740004104749,-0.0028109142012742866,0.7034254771670853,-0.7001279053264442
242,0.12125722915789769,-0.015706789019287556,0.7017688447496511,-0.7018336481634326
243,0.11991608896819246,-0.028592026231108195,0.699997662954874,-0.7034244092297955
244,0.11847425483866633,-0.04146406815381186,0.6981129376675643,-0.7048992185083781
245,0.11693203350752551,-0.05432036093303334,0.6961156977590239,-0.706257129706573
246,0.11528976301249702,-0.06715835512298915,0.6940069947809644,-0.7074972205435095
247,0.11354781261050897,-0.07997550626536688,0.6917879026542317,-0.7086185930317003
248,0.11170658268902621,-0.09276927546691952,0.6894595173524263,-0.7096203737530663
249,0.10976650466905734,-0.10553712997565043,0.6870229565804943,-0.7105017141292734
250,0.1077280408998631,-0.11827654375542691,0.6844793594483809,-0.7112617906863002
251,0.10559168454538609,-0.1309849980589041,0.6818298861398239,-0.7118998053131714
252,0.10335795946243677,-0.1436599819986004,0.6790757175763855,-0.7124149855147914
253,0.10102742007065946,-0.15629899311600895,0.6762180550767989,-0.7128065846587979
254,0.09860065121431578,-0.1688995379485884,0.6732581200117252,-0.7130738822163828
255,0.09607826801591644,-0.18145913259451357,0.6701971534540098,-0.7132161839970058
256,0.0934609157217417,-0.1939753032750295,0.6670364158245295,-0.7132328223769422
257,0.09074926953928496,-0.2064455868942976,0.6637771865337208,-0.7131231565216019
258,0.08794403446666291,-0.21886753159658223,0.6604207636188849,-0.7128865726015565
259,0.08504594511403635,-0.23123869732064156,0.6569684633773653,-0.7125224840022216
260,0.08205576551708091,-0.24355665635121218,0.6534216199956885,-0.7120303315271291
261,0.07897428894256235,-0.25581899386741724,0.6497815851747686,-0.7114095835947415
262,0.07580233768605762,-0.2680233084880106,0.6460497277512706,-0.7106597364287486
263,0.07254076286187927,-0.2801672128132818,0.6422274333152336,-0.7097803142417946
264,0.06919044418525035,-0.29224833396352823,0.6383161038240477,-0.7087708694125887
265,0.06575228974678948,-0.30426431411393956,0.6343171572128908,-0.7076309826563453
266,0.06222723577935974,-0.31621281102578097,0.6302320270017204,-0.7063602631885068
267,0.058616246417341776,-0.3280914985737389,0.6260621618989272,-0.704958348881706
268,0.054920313448389865,-0.33989806726931027,0.6218090254017484,-0.7034249064159199
269,0.051140456057738926,-0.35163022478009825,0.6174740953935487,-0.7017596314217731
270,0.047277720565118815,-0.36328569644490505,0.6130588637380628,-0.6999622486169538
271,0.043333180154348894,-0.3748622257844824,0.6085648358707226,-0.6980325119356939
272,0.039307934595680064,-0.3863575750078298,0.6039935303871525,-0.6959702046512871
273,0.03520310996095213,-0.3977695255139099,0.5993464786289551,-0.693775139491599
274,0.031019858331639845,-0.4090958783886669,0.5946252242668855,-0.6914471587475404
275,0.026759357499864633,-0.4203344548972272,0.5898313228815251,-0.6889861343744702
276,0.02242281066243977,-0.4314830969711614,0.5849663415415605,-0.6863919680864966
277,0.018011446108036122,-0.4425396676906922,0.5800318583797777,-0.6836645914436486
278,0.01352651689753935,-0.4535020517617412,0.5750294621668768,-0.6808039659318854
279,0.008969300537688879,-0.464368155987679,0.5699607518832251,-0.6778100830359315
280,0.0043410986480666575,-0.47513590973569547,0.564827336288642,-0.6746829643048932
281,-0.00035676337846135553,-0.485803265397648,0.5596308334903491,-0.6714226614106582
282,-0.005122936721779922,-0.49636819884530553,0.5543728705091701,-0.6680292561990342
283,-0.00995604948694137,-0.5068287098798552,0.5490550828441149,-0.6645028607336293
284,-0.01485470706287284,-0.5171828226755795,0.5436791140354454,-0.6608436173324437
285,-0.01981749248729038,-0.5274285862175979,0.5382466152263348,-0.6570516985971622
286,-0.02484296681771904,-0.5375640747335557,0.5327592447232413,-0.6531273074351366
287,-0.02992966950853053,-0.5475873881191755,0.5272186675550985,-0.6490706770740425
288,-0.03507611879389949,-0.5574966523575485,0.5216265550314444,-0.6448820710692078
289,-0.04028081207658407,-0.5672900199320902,0.5159845842995896,-0.6405617833035928
290,-0.04554222632242716,-0.5769656702330386,0.5102944379009514,-0.6361101379804361
291,-0.05085881846048501,-0.5865218099574148,0.5045578033266565,-0.6315274896085369
292,-0.05622902578867321,-0.5959566735023425,0.4987763725725296,-0.6268142229801972
293,-0.06165126638483552,-0.6052685233516371,0.4929518416935806,-0.6219707531418032
294,-0.06712393952312368,-0.6144556504555668,0.48708591035810567,-0.6169975253570621
295,-0.0726454260955867,-0.623516374603705,0.48118028140150804,-0.6118950150628852
296,-0.07821408903886229,-0.6324490447907771,0.4752366603799664,-0.6066637278179328
297,-0.08382827376585672,-0.641252039575418,0.4692567551240459,-0.6013041992438221
298,-0.0894863086023136,-0.6499237674317556,0.4632422752923804,-0.595816994959009
299,-0.09518650522814606,-0.6584626670937385,0.45719493192553146,-0.5902027105053496
300,-0.1009271591234357,-0.6668672078921222,0.4511164370001404,-0.5844619712673665
301,-0.10670655001897156,-0.6751358900840418,0.4450085029834816,-0.5785954323842164
302,-0.11252294235122182,-0.6832672451750808,0.4388728423885385,-0.5726037786543889
303,-0.11837458572162224,-0.6912598362337791,0.4327111673297056,-0.5664877244331489
304,-0.12425971536005745,-0.6991122581984837,0.4265251890792346,-0.5602480135227413
305,-0.13017655259242752,-0.7068231381764905,0.42031661762453737,-0.5538854190553827
306,-0.13612330531217026,-0.7143911357353936,0.41408716122645284,-0.5474007433690621
307,-0.14209816845562784,-0.7218149431865785,0.40783852597859516,-0.5407948178761695
308,-0.1480993244811291,-0.7290932858607938,0.4015724153678892,-0.5340685029249937
309,-0.1541249438516717,-0.7362249223757351,0.3952905298364096,-0.5272226876540997
310,-0.16017318552107576,-0.7432086448955817,0.38899456634462876,-0.5202582898396316
311,-0.1662421974234881,-0.7500432793824185,0.3826862179361887,-0.5131762557355639
312,-0.1723301169661124,-0.7567276858394948,0.376367173304304,-0.5059775599069356
313,-0.178435071525036,-0.7632607585462554,0.37003911635990305,-0.49866320505610995
314,-0.18455517894403278,-0.7696414262850947,0.363703725801621,-0.4912342218420869
315,-0.19068854803620633,-0.775868652559777,0.35736267468775174,-0.4836916686929138
316,-0.1968332790883559,-0.7819414358054784,0.3510176300102611,-0.4760366316112359
317,-0.20298746436792456,-0.7878588095903954,0.3446702522709784,-0.46827022397302365
318,-0.20914918863241266,-0.7936198428088821,0.33832219506005806,-0.46039358631952343
319,-0.21531652964111297,-0.7992236398660615,0.3319751046368401,-0.4524078861424836
320,-0.2214875586690496,-0.8046693408538813,0.32563061951318645,-0.444314317662691
321,-0.22766034102297805,-0.8099561217185638,0.31929037003942207,-0.43611410160187847
322,-0.23383293655932502,-0.8150831944194178,0.31295597799297004,-0.42780848494804724
323,-0.2400034002039252,-0.8200498070789778,0.30662905616979136,-0.4193987407142621
324,-0.24616978247343038,-0.8248552441244295,0.3003112079787265,-0.41088616769096764
325,-0.2523301299982528,-0.8294988264203019,0.2940040270388452,-0.40227209019188515
326,-0.25848248604691126,-0.833979911392388,0.28770909677990175,-0.3935578577935468
327,-0.2646248910516435,-0.8382978931428684,0.28142799004599683,-0.38474484506852596
328,-0.27075538313515235,-0.8424522025566172,0.2751622687025459,-0.375834451312421
329,-0.2768719986383503,-0.8464423073986643,0.268913483246652,-0.36682810026466434
330,-0.2829727726489674,-0.8502677124027942,0.2626831724209762,-0.35772723982320265
331,-0.28905573953088437,-0.8539279593512596,0.2564728628312125,-0.3485333417531364
332,-0.29511893345406154,-0.8574226271456067,0.25028406856725016,-0.3392479013893638
333,-0.30116038892491853,-0.8607513318685764,0.24411829082812378,-0.3298724373333103
334,-0.307178141317041,-0.8639137268370943,0.23797701755084955,-0.3204084911438103
335,-0.31317022740206446,-0.8669095026463185,0.23186172304322775,-0.3108576270222068
336,-0.31913468588060995,-0.8697383872047525,0.22577386762071686,-0.3012214314917563
337,-0.32506955791313175,-0.8724001457604146,0.21971489724745588,-0.2915015130713873
338,-0.3309728876505363,-0.8748945809180528,0.21368624318153737,-0.2816995019439183
339,-0.3368427227644452,-0.877221532647417,0.20768932162460818,-0.2718170496187864
340,-0.3426771149769583,-0.8793808782825834,0.20172553337589164,-0.2618558285893828
341,-0.3484741205897869,-0.8813725325123337,0.19579626349071358,-0.251817531985057
342,-0.3542318010126099,-0.8831964473615959,0.1899028809436191,-0.24170387321789477
343,-0.359948223290538,-0.8848526121639612,0.18404673829615975,-0.23151658562432229
344,-0.3656214606305249,-0.8863410535252763,0.17822917136943986,-0.22125742210164767
345,-0.3712495929266118,-0.8876618352783336,0.17245149892149572,-0.210928154739606
346,-0.3768307072838544,-0.8888150584286642,0.16671502232959035,-0.20053057444700184
347,-0.38236289854081174,-0.8898008610914645,0.16102102527750292,-0.19006649057353162
348,-0.3878442697904469,-0.8906194184196603,0.15537077344789185,-0.1795377305268865
349,-0.39327293289931964,-0.8912709425231375,0.14976551421979947,-0.16894613938520395
350,-0.3986470090249269,-0.8917556823791649,0.14420647637138115,-0.15829357950498088
351,-0.4039646291310674,-0.8920739237340302,0.13869486978792941,-0.1475819301245259
352,-0.40922393450108474,-0.8922259889959155,0.1332318851752604,-0.1368130869630483
353,-0.41442307724887123,-0.8922122371190511,0.127818693778539,-0.12598896181548025
354,-0.4195602208274902,-0.8920330634791669,0.12245644710660927,-0.11511148214312364
355,-0.4246335405352895,-0.8916888997402879,0.11714627666189417,-0.1041825906602191
356,-0.42964122401937443,-0.8911802137129006,0.11188929367593672,-0.0932042449165366
357,-0.4345814717763134,-0.8905075092035378,0.10668658885064136,-0.08217841687607935
358,-0.4394524976499402,-0.8896713258558074,0.10153923210528393,-0.07110709249201488
359,-0.4442525293261323,-0.888672238982931,0.09644827232934491,-0.05999227127791179
360,-0.44897980882443195,-0.8875108593918118,0.09141473714123188,-0.04883596587540243
361,-0.4536325929863824,-0.8861878331986973,0.0864396326529504,-0.03764020161836969
362,-0.45820915396045886,-0.8847038416364766,0.08152394324077275,-0.026407016093749174
363,-0.46270777968346255,-0.8830596008536646,0.07666863132196586,-0.01513845869906534
364,-0.4671267743582538,-0.8812558617051288,0.07187463713763306,-0.0038365901967984395
365,-0.471464458927704,-0.8792934095346093,0.06714287854171919,0.007496517734307394
366,-0.475719171544744,-0.8771730639490951,0.06247425079622679,0.018858782950898163
367,-0.479889268038378,-0.8748956785851066,0.05786962637270246,0.030248113299503807
368,-0.48397312237555545,-0.8724621408669534,0.05332985476002661,0.041662407073782055
369,-0.48796912711876966,-0.8698733717570313,0.048855762278567444,0.053099553474383526
370,-0.4918756938792709,-0.867130325498211,0.04444815190072951,0.0645574330713516
371,-0.49569125376577383,-0.8642339893484001,0.040107803077949006,0.07603391826892525
372,-0.4994142578285433,-0.8611853833073392,0.03583547157417355,0.08752687377264987
373,-0.5030431774987416,-0.8579855598357053,0.0316318893058635,0.09903415705867763
374,-0.5065765050229245,-0.8546356035665904,0.027497764188554513,0.11055361884515183
375,-0.5100127538925733,-0.8511366310094378,0.023433779990017778,0.12208310356555056
376,-0.5133504592685463,-0.8474897902465043,0.019440596190049314,0.1336204498438937
377,-0.5165881784003458,-0.8436962606219307,0.015518847846922562,0.14516349097168835
378,-0.5197244910400881,-0.8397572524235011,0.01166914547053502,0.15671005538650393
379,-0.5227579998510642,-0.8356740065571682,0.007892074902277835,0.16825796715205407
380,-0.5256873308107931,-0.8314477942144314,0.00418819720165331,0.17980504643969333
381,-0.5285111336084539,-0.8270799165326548,0.0005580485396683987,0.191349110011181
382,-0.5312280820365987,-0.8225717042484032,-0.0029978599009728712,0.20288797170263295
383,-0.5338368743770373,-0.8179245173438993,-0.00647904201885624,0.21441944290950515
384,-0.536336233780803,-0.8131397446866732,-0.009885036880003029,0.2259413330725393
385,-0.5387249086420871,-0.8082188036625153,-0.013215408797158268,0.2374514501645149
386,-0.5410016729660498,-0.8031631398018136,-0.016469747402200308,0.2489476011777094
387,-0.5431653267304153,-0.7979742263993712,-0.01964766771166246,0.26042759261195575
388,-0.5452146962407485,-0.7926535641278116,-0.022748810185345983,0.27188923096315754
389,-0.5471486344793212,-0.7872026806446523,-0.025772840778025913,0.28333032321218127
390,-0.548966021447481,-0.7816231301931624,-0.0287194509842207,0.29474867731396515
391,-0.5506657645014238,-0.7759164931970998,-0.03158835787604032,0.3061421026867644
392,-0.5522467986812888,-0.770084375849425,-0.03437930413408899,0.3175084107013946
393,-0.5537080870334866,-0.7641284096951048,-0.037092058071425946,0.32884541517036886
394,-0.5550486209261702,-0.7580502512081098,-0.03972641365058173,0.34015093283679293
395,-0.5562674203577739,-0.7518515813627025,-0.04228219049362962,0.3514227838629299
396,-0.557363534258528,-0.7455341051991413,-0.044759233885309294,0.3626587923182871
397,-0.5583360407848803,-0.7390995513838959,-0.04715741476921091,0.3738567866671312
398,-0.5591840476067337,-0.7325496717644951,-0.04947662973701891,0.38501460025529727
399,-0.5599066921874339,-0.7258862409191091,-0.05171680101083019,0.39613007179619336
400,-0.5605031420564228,-0.7191110557009925,-0.05387787641854319,0.40720104585586403
401,-0.5609725950744953,-0.7122259347778905,-0.05595982936233852,0.4182253733370134
402,-0.5613142796915753,-0.7052327181665331,-0.05796265878025962,0.4292009119618621
403,-0.5615274551969534,-0.6981332667623343,-0.059886389100900175,0.4401255267537206
404,-0.5616114119619097,-0.6909294618644057,-0.06173107019122827,0.4509970905171774
405,-0.5615654716746641,-0.6836232046960139,-0.06349677729754627,0.4618134843167644
406,-0.5613889875675799,-0.6762164159206016,-0.06518361097962425,0.47257259795400874
407,-0.5610813446365727,-0.6687110351534892,-0.06679169703800886,0.4832723304427306
408,-0.5606419598526499,-0.6611090204693785,-0.06832118643454585,0.4939105904825031
409,-0.5600702823655328,-0.6534123479057922,-0.06977225520613133,0.5044852969301317
410,-0.5593657936993063,-0.6456230109625619,-0.07114510437171678,0.5149943792690542
411,-0.5585280079400298,-0.6377430200974998,-0.07243995983260518,0.5254357780765534
412,-0.5575564719152741,-0.6297744022183748,-0.07365707226605282,0.5358074454886508
413,-0.5564507653655226,-0.6217192001713231,-0.07479671701222296,0.546107345662597
414,-0.5552105011073918,-0.6135794722258178,-0.07585919395451056,0.556333455236819
415,-0.5538353251886259,-0.6053572915563342,-0.07684482739328322,0.5664837637882346
416,-0.552324917034826,-0.5970547457208357,-0.07775396591306727,0.5765562742868126
417,-0.5506789895878607,-0.5886739361362068,-0.07858698224321914,0.5865490035472761
418,-0.5488972894359285,-0.5802169775507715,-0.07934427311212569,0.5964599826778377
419,-0.5469795969352357,-0.5716859975140296,-0.08002625909496154,0.6062872575258551
420,-0.544925726323242,-0.563083135843739,-0.0806333844550644,0.6160288891202991
421,-0.5427355258234526,-0.5544105440904756,-0.08116611697895998,0.6256829541109471
422,-0.5404088777417209,-0.5456703849998097,-0.08162494780508123,0.6352475452041595
423,-0.5379456985540331,-0.5368648319722377,-0.08201039124624177,0.6447207715951709
424,-0.5353459389857448,-0.527996068520988,-0.08232298460589928,0.6541007593967674
425,-0.5326095840822519,-0.5190662877278535,-0.08256328798826695,0.6633856520642594
426,-0.5297366532710608,-0.5100776916971765,-0.08273188410232478,0.6725736108166411
427,-0.5267272004152556,-0.5010324910081285,-0.08282937805978152,0.6816628150538405
428,-0.5235813138583224,-0.49193290416541247,-0.08285639716704507,0.6906514627699513
429,-0.5202991164603292,-0.4827811570485368,-0.08281359071126174,0.6995377709623578
430,-0.5168807656254485,-0.4735794823597888,-0.08270162974047045,0.7083199760366464
431,-0.5133264533207936,-0.46433011907104693,-0.08252120683795047,0.7169963342072058
432,-0.5096364060865816,-0.45503531186957624,-0.08227303589080676,0.7255651218934248
433,-0.5058108850375981,-0.44569731060293455,-0.08195785185286605,0.7340246361113889
434,-0.5018501858559643,-0.4363183697231353,-0.08157641050194632,0.7423731948609791
435,-0.49775463877520604,-0.42690074773020176,-0.0811294881915615,0.7506091375082867
436,-0.49352460855561886,-0.4174467066152574,-0.0806178815971351,0.7587308251632381
437,-0.48916049445093307,-0.4079585113032774,-0.08004240745678448,0.7667366410523593
438,-0.48466273016627837,-0.398438429095654,-0.07940390230675191,0.7746249908865688
439,-0.48003178380746064,-0.38888872911270783,-0.07870322221155042,0.7823943032239241
440,-0.4752681578215507,-0.3793116817362842,-0.0779412424888972,0.7900430298272298
441,-0.4703723889288007,-0.36970955805257355,-0.07711885742950997,0.7975696460164157
442,-0.46534504804589366,-0.3600846292952899,-0.07623698001184284,0.8049726510156182
443,-0.4601867402005507,-0.35043916628935773,-0.07529654161183358,0.8122505682948508
444,-0.4548981044374955,-0.3407754388952254,-0.0742984917077471,0.8194019459062164
445,-0.449479813715819,-0.3310957154539702,-0.07324379758018751,0.8264253568145458
446,-0.44393257479773846,-0.32140226223330126,-0.0721334440073633,0.8333193992224128
447,-0.43825712812879103,-0.3116973428746233,-0.07096843295568905,0.8400826968894299
448,-0.43245424770948127,-0.3019832178412837,-0.0697497832658005,0.8467138994457482
449,-0.4265247409584127,-0.2922621438681515,-0.06847853033407235,0.8532116826996903
450,-0.4204694485669237,-0.2825363734126444,-0.06715572578972216,0.8595747489394472
451,-0.41428924434527314,-0.2728081541073659,-0.06578243716758553,0.8658018272287525
452,-0.40798503506039585,-0.26307972821446657,-0.06435974757665347,0.8718916736964741
453,-0.401557760265273,-0.25335333208187544,-0.06288875536445436,0.8778430718200485
454,-0.3950083921199489,-0.24363119560153204,-0.06137057377737799,0.8836548327026875
455,-0.38833793520423915,-0.23391554166975523,-0.059806330617026164,0.8893257953443042
456,-0.3815474263221658,-0.22420858564987634,-0.058197167892680146,0.8948548269060654
457,-0.3746379342981738,-0.21451253483728544,-0.05654424146999071,0.900240822968534
458,-0.3676105597651586,-0.20482958792699257,-0.05484872071596177,0.9054827077833283
459,-0.3604664349443739,-0.19516193448387384,-0.053111788140344215,0.9105794345182308
460,-0.35320672341724796,-0.18551175441569634,-0.051334639033522214,0.9155299854957019
461,-0.34583261988918135,-0.17588121744908333,-0.04951848110099448,0.9203333724247236
462,-0.33834534994535864,-0.1662724826085194,-0.04766453409454238,0.924988636625933
463,-0.3307461697986554,-0.15668769769855145,-0.0457740294401872,0.9294948492499859
464,-0.3230363660296723,-0.14712899878929045,-0.043848209863036204,0.9338511114890915
465,-0.31521725531897876,-0.13759850970535703,-0.04188832900911157,0.9380565547816712
466,-0.3072901841716159,-0.12809834151838742,-0.03989565106427044,0.9421103410101023
467,-0.2992565286339248,-0.11863059204322576,-0.03787145037030859,0.9460116626914791
468,-0.2911176940027686,-0.1091973453379276,-0.03581701103835734,0.9497597431613631
469,-0.2828751145272156,-0.09980067120770056,-0.03373362655967244,0.9533538367504687
470,-0.2745302531027574,-0.09044262471290238,-0.03162259941391683,0.9567932289542416
471,-0.266084600958116,-0.08112524568120488,-0.029485240675045897,0.9600772365952956
472,-0.25753967733474464,-0.0718505582240698,-0.02732286961489519,0.9632052079786593
473,-0.24889702915906503,-0.06262057025762602,-0.025136813304579748,0.9661765230398076
474,-0.24015823070754716,-0.05343727302809129,-0.022928406213802918,0.9689905934854255
475,-0.23132488326468334,-0.04430264064183009,-0.020698989808194262,0.9716468629268872
476,-0.22239861477396225,-0.035218629600184126,-0.01844991214476959,0.9741448070064109
477,-0.2133810794819099,-0.02618717833917683,-0.01618252746562756,0.9764839335158526
478,-0.2042739575752879,-0.017210206774208647,-0.013898195789989892,0.9786637825081203
479,-0.195078954811535,-0.008289615849851578,-0.011598282504691165,0.9806839264011841
480,-0.18579780214253674,0.0005727129051435464,-0.009284157953229323,0.982543970074638
481,-0.1764322553318157,0.009374917817523087,-0.006957197023481701,0.984243550958816
482,-0.166984094565241,0.018115157503771268,-0.0046187787342022515,0.9857823391164215
483,-0.1574551240553278,0.026791611298831758,-0.0022702858204012646,0.9871600373166589
484,-0.14784717163924743,0.03540247967918117,8.689568227741168e-05,0.9883763811018456
485,-0.1381620883706246,0.04394598468017062,0.0024513768540691157,0.9894311388464975
486,-0.12840174810523958,0.05242037030751566,0.004821766308390908,0.9903241118088606
487,-0.11856804708070484,0.06082390294285796,0.0071966706098100415,0.9910551341748849
488,-0.1086629034902508,0.06915487174327808,0.009574694692580859,0.9916240730946293
489,-0.09868825705069725,0.077411589034674,0.011954442279627818,0.9920308287110869
490,-0.08864606856472541,0.08559239069891104,0.014334516301874376,0.9922753341814227
491,-0.0785383194775631,0.09369563655463811,0.01671351931779501,0.9923575556906269
492,-0.06836701142816481,0.10171971073169707,0.01909005393309352,0.9922774924575648
493,-0.05813416579502258,0.10966302203901764,0.021462723220383992,0.9920351767334423
494,-0.047841823236705695,0.11752400432591355,0.02383013113876571,0.9916306737926678
495,-0.03749204322723555,0.12530111683669864,0.026190882953193155,0.991064081916127
496,-0.027086903586409996,0.13299284455853436,0.028543585653507952,0.9903355323668691
497,-0.016628500005200223,0.14059769856241994,0.030886848373046498,0.9894451893582126
498,-0.0061189455663187235,0.14811421633725172,0.03321928280668867,0.9883932500142671
499,0.004439629739905258,0.15554096211686297,0.03553950362826016,0.9871799443229132
