,0,1,2,3
0,0.3252808074176598,0.0,-0.9456174682849906,0.0
1,0.31786048192102473,0.00725317281818197,-0.9481070211597515,-0.002276388496256723
2,0.3104399380358005,0.014553056339998047,-0.9504707627014473,-0.0045368131130022905
3,0.3030205720881179,0.021898566329198947,-0.9527082415627074,-0.006781750703867359
4,0.29560377319692255,0.029288602823411003,-0.9548190281835353,-0.009011683252546502
5,0.28819092296764665,0.03672205034444363,-0.9568027148872805,-0.011227097660802298
6,0.28078339518836104,0.0441977781128596,-0.9586589159720027,-0.013428485535137875
7,0.2733825555284817,0.05171464026675979,-0.9603872677971999,-0.01561634297219923
8,0.26598976124009877,0.05927147608473342,-0.9619874288658866,-0.01779117034296896
9,0.258606360862003,0.06686711021292406,-0.9634590799019973,-0.019953472075813494
10,0.2512336939264777,0.07450035289615947,-0.9648019239230995,-0.022103756438446108
11,0.24387309066892482,0.08217000021309337,-0.9660156863083954,-0.024242535318868094
12,0.2365258717403964,0.08987483431530621,-0.9671001148620005,-0.026370324005351164
13,0.22919334792309687,0.09761362367030978,-0.9680549798714804,-0.02848764096552401
14,0.2218768198489241,0.10538512330840107,-0.9688800741616324,-0.03059500762462635
15,0.21457757772111666,0.11318807507330848,-0.9695752131434968,-0.032692948142993894
16,0.2072969010390704,0.12102120787657385,-0.970140234858591,-0.03478198919283811
17,0.20003605832639113,0.12888323795561063,-0.9705750000183525,-0.03686265973438445
18,0.1927963068622464,0.1367728691353805,-0.9708793920387766,-0.038935490791433214
19,0.18557889241607844,0.1446887930936273,-0.9710533170702494,-0.04100101522640726
20,0.17838504898574165,0.152629689629607,-0.9710967040225618,-0.043059767514950685
21,0.17121599853912486,0.1605942269362524,-0.9710095045850973,-0.04511228352014315
22,0.16407295075931908,0.16858106187570918,-0.9707916932421972,-0.04715910026639416
23,0.15695710279338895,0.17658884025817964,-0.9704432672836871,-0.049200755713082175
24,0.14986963900480807,0.18461619712400867,-0.9699642468105703,-0.05123778852800266
25,0.14281173072961295,0.19266175702894792,-0.9693546747358824,-0.053270737860690504
26,0.1357845360363351,0.20072413433253006,-0.9686146167807084,-0.05530014311568088
27,0.12878919948976322,0.20880193348948745,-0.9677441614653608,-0.05732654372577384
28,0.12182685191859316,0.21689374934414637,-0.9667434200957217,-0.05935047892536682
29,0.11489861018701561,0.2249981674277277,-0.9656125267447511,-0.061372487523920286
30,0.10800557697029789,0.23311376425848568,-0.9643516382291636,-0.0633931076796207
31,0.10114884053440615,0.24123910764461282,-0.9629609340812837,-0.06541287667330602
32,0.09432947451972457,0.24937275698984213,-0.9614406165160768,-0.06743233068271756
33,0.08754853772891255,0.25751326360167137,-0.959790910393373,-0.06945200455714307
34,0.0808070739189568,0.26565917100214154,-0.9580120631752839,-0.07147243159251568
35,0.07410611159745775,0.27380901524109225,-0.9561043448788283,-0.07349414330703193
36,0.06744666382320244,0.28196132521182166,-0.9540680480237723,-0.07551766921735419
37,0.06082972801106251,0.29011462296907836,-0.9519034875756978,-0.0775435366154602
38,0.054256285741266674,0.2982674240493064,-0.9496110008843114,-0.07957227034620463
39,0.04772730257308691,0.3064182377930704,-0.9471909476170117,-0.08160439258565513
40,0.04124372786297928,0.31456556766958493,-0.9446437096877213,-0.08364042262026677
41,0.0348064945872234,0.32270791160326756,-0.9419696911810076,-0.0856808766269582
42,0.028416519169093907,0.3308437623022435,-0.9391693182715094,-0.08772626745415188
43,0.02207470131060807,0.338971607588719,-0.9362430391386782,-0.08977710440384096
44,0.015781923828880662,0.3470899307311482,-0.9331913238768685,-0.09183389301474623
45,0.009539052497125777,0.3551972107781116,-0.9300146644007833,-0.09389713484662329
46,0.003346935890337188,0.36329192289383117,-0.9267135743463082,-0.09596732726578362
47,-0.002793594764317675,0.37137253869523623,-0.9232885889667459,-0.09804496323188966
48,-0.008881725732360402,0.37943752659050556,-0.9197402650244868,-0.10013053108608583
49,-0.014916660912086877,0.3874853521189993,-0.9160691806781256,-0.1022245143405253
50,-0.020897621969850233,0.39551447829250613,-0.9122759353650693,-0.10432739146935402
51,-0.02682384847050895,0.4035233659377162,-0.9083611496796421,-0.10643963570121069
52,-0.032694598003015996,0.4115104740398455,-0.9043254652467319,-0.10856171481330372
53,-0.03850914630112176,0.4194742600873244,-0.9001695445909998,-0.11069409092712276
54,-0.044266787359167115,0.42741318041746923,-0.8958940710016852,-0.11283722030584477
55,-0.0499668335429429,0.43532569056305476,-0.8914997483930316,-0.11499155315349238
56,-0.05560861569559439,0.44321024559970357,-0.8869873011603784,-0.11715753341590208
57,-0.06119148323854917,0.4510653004940085,-0.8823574740319363,-0.11933559858356044
58,-0.06671480426745027,0.45888931045230646,-0.8776110319162924,-0.12152617949636418
59,-0.07217796564307541,0.466680731270017,-0.8727487597456729,-0.12372970015036112
60,-0.07758037307722612,0.47443801968146354,-0.8677714623150048,-0.12594657750652755
61,-0.08292145121356972,0.48215963371009196,-0.8626799641168076,-0.1281772213016373
62,-0.08820064370342398,0.4898440330190036,-0.8574751091719611,-0.13042203386127735
63,-0.093417413276465,0.49748967926171633,-0.8521577608563801,-0.13268140991506402
64,-0.09857124180635288,0.5050950364330687,-0.8467288017236421,-0.13495573641411313
65,-0.1036616303712613,0.5126585712201871,-0.8411891333236056,-0.13724539235081784
66,-0.10868809930930229,0.520178753353422,-0.8355396760170621,-0.13955074858098535
67,-0.11365018826884085,0.5276540559571803,-0.8297813687864667,-0.1418721676483856
68,-0.1185474562536879,0.5350829559005569,-0.8239151690427835,-0.14421000361176123
69,-0.12337948166317247,0.5424639341476895,-0.8179420524285025,-0.14656460187435189
70,-0.12814586232708486,0.5497954761077478,-0.8118630126168604,-0.14893629901598013
71,-0.13284621553549042,0.5570760719844727,-0.8056790611073255,-0.15132542262774915
72,-0.13748017806341126,0.5643042171251795,-0.7993912270173764,-0.15373229114940123
73,-0.1420474061903771,0.5714784123691448,-0.7930005568706429,-0.15615721370938362
74,-0.14654757571484622,0.5785971643952864,-0.7865081143814412,-0.15860048996766965
75,-0.1509803819634988,0.5856589860690564,-0.7799149802357643,-0.16106240996138113
76,-0.15534553979540788,0.5926623967884608,-0.7732222518687697,-0.1635432539532571
77,-0.15964278360109113,0.5996059228291216,-0.7664310432388223,-0.16604329228301518
78,-0.1638718672964521,0.6064880976882996,-0.7595424845981441,-0.1685627852216472
79,-0.16803256431161806,0.6133074624277891,-0.7525577222601183,-0.17110198282869524
80,-0.1721246675746812,0.6200625660156065,-0.745477918363306,-0.17366112481254786
81,-0.17614798949036015,0.6267519656663859,-0.7383042506322341,-0.17624044039379994
82,-0.180102361913585,0.6333742271804005,-0.7310379121349975,-0.1788401481717171
83,-0.18398763611802632,0.6399279252811243,-0.7236801110377451,-0.1814604559938427
84,-0.18780368275957712,0.6464116439512538,-0.7162320703560968,-0.18410156082878965
85,-0.19155039183480682,0.6528239767671093,-0.7086950277035542,-0.18676364864225303
86,-0.1952276726344027,0.6591635272313291,-0.7010702350369598,-0.1894468942762824
87,-0.19883545369161731,0.6654289091037772,-0.6933589583990684,-0.19215146133184918
88,-0.20237368272573966,0.6716187467305861,-0.6855624776582803,-0.19487750205474713
89,-0.20584232658061502,0.6777316753712528,-0.6776820862456113,-0.1976251572248584
90,-0.20924137115822866,0.6837663415236999,-0.6697190908889453,-0.2003945560488205
91,-0.21257082134738414,0.6897214032472382,-0.6616748113446393,-0.20318581605612773
92,-0.21583070094749457,0.6955955304833348,-0.6535505801265438,-0.205999042998698
93,-0.21902105258751509,0.7013874053741168,-0.6453477422324927,-0.2088343307539378
94,-0.22214193764004472,0.7070957225785339,-0.6370676548683374,-0.21169176123133432
95,-0.22519343613062148,0.712719189586093,-0.6287116871695778,-0.2145714042826055
96,-0.22817564664224438,0.7182565270280972,-0.6202812199206629,-0.21747331761543587
97,-0.2310886862151513,0.7237064689863066,-0.6117776452720194,-0.22039754671082606
98,-0.23393269024188182,0.7290677632989463,-0.60320236645488,-0.22334412474408144
99,-0.23670781235766317,0.7343391718639881,-0.5945567974939696,-0.2263130725094687
100,-0.23941422432614848,0.7395194709396259,-0.5858423629181226,-0.22930439834856015
101,-0.24205211592054424,0.7446074514418761,-0.5770604974688931,-0.23231809808229512
102,-0.24462169480016505,0.7496019192392265,-0.568212645807229,-0.23535415494677647
103,-0.2471231863824514,0.7545016954442608,-0.5593002622182728,-0.2384125395328266
104,-0.2495568337104866,0.7593056167021847,-0.5503248103143641,-0.24149320972932303
105,-0.2519228973160594,0.7640125354761893,-0.5412877627363034,-0.2445961106703337
106,-0.25422165507830735,0.7686213203295698,-0.5321906008529544,-0.2477211746860694
107,-0.2564534020779844,0.7731308562045396,-0.523034814459248,-0.2508683212576733
108,-0.2586184504473974,0.7775400446976636,-0.5138219014726595,-0.2540374569758622
109,-0.2607171292160537,0.7818478043318459,-0.5045533676282308,-0.257228475503437
110,-0.26274978415206685,0.7860530708248038,-0.4952307261722042,-0.260441257541676
111,-0.2647167775993643,0.7901547973539579,-0.48585549755434027,-0.2636756708006237
112,-0.2666184883107491,0.794151954817677,-0.47642920911899056,-0.2669315699732918
113,-0.26845531127685696,0.7980435320928096,-0.4669533947949952,-0.2702087967137783
114,-0.27022765755106615,0.8018285362884374,-0.45742959478447687,-0.2735071796193202
115,-0.27193595407040405,0.8055059929957892,-0.44785935525060294,-0.2768265342162866
116,-0.2735806434725042,0.8090749465342504,-0.4382442280043895,-0.2801666629501214
117,-0.2751621839086705,0.8125344601934086,-0.42858577019061145,-0.2835273551792439
118,-0.27668104885309264,0.8158836164710734,-0.4188855439729024,-0.2869083871729109
119,-0.2781377269082757,0.819121517307208,-0.40914511621810556,-0.29030952211305044
120,-0.2795327216067364,0.8222472843137214,-0.39936605817995563,-0.2937305101000662
121,-0.2808665512090201,0.8252600590000535,-0.3895499451821599,-0.2971710881626193
122,-0.28213974849809886,0.8281590029945027,-0.3796983563009517,-0.3006309802713892
123,-0.2833528605702055,0.8309432982612395,-0.36981287404719043,-0.3041098973568125
124,-0.28450644862216923,0.8336121473129481,-0.35989508404808024,-0.3076075373308037
125,-0.2856010877352996,0.8361647734190446,-0.34994657472857976,-0.3111235851124527
126,-0.28663736665589623,0.8386004208094199,-0.33996893699257447,-0.3146577126577002
127,-0.2876158875724317,0.8409183548736515,-0.3299637639038875,-0.31820957899298574
128,-0.2885372658894767,0.8431178623556391,-0.3199326503671983,-0.3217788302528667
129,-0.2894021299984313,0.8451982515436081,-0.30987719280894604,-0.32536509972159855
130,-0.2902111210451219,0.8471588524554399,-0.29979898885828593,-0.32896800787867714
131,-0.2909648926943313,0.8489990170192722,-0.28969963702817375,-0.3325871624483274
132,-0.2916641108913297,0.8507181192493342,-0.2795807363966521,-0.3362221584529364
133,-0.2923094536204654,0.85231555541696,-0.26944388628840904,-0.33987257827042006
134,-0.2929016106608904,0.8537907442167463,-0.25929068595668214,-0.343537991695509
135,-0.2934412833394855,0.8551431269278045,-0.24912273426557893,-0.3472179560049483
136,-0.2939291842810485,0.8563721675700685,-0.23894162937289076,-0.350912016026593
137,-0.29436603715582305,0.8574773530556178,-0.22874896841346617,-0.3546197042123902
138,-0.29475257642443076,0.8584581933349753,-0.218546347183218,-0.3583405407152288
139,-0.2950895470802797,0.8593142215383431,-0.20833535982383905,-0.3620740334696456
140,-0.2953777043895216,0.8600449941117382,-0.19811759850828953,-0.3658196782763663
141,-0.29561781362862494,0.8606500909479924,-0.18789465312713977,-0.36957695889066944
142,-0.2958106498196401,0.8611291155125821,-0.17766811097582413,-0.37334534711454814
143,-0.29595699746322734,0.8614816949642563,-0.16743955644289338,-0.37712430289265425
144,-0.29605765026952136,0.861707480270428,-0.15721057069932054,-0.38091327441200296
145,-0.296113410886904,0.8618061463172997,-0.14698273138894183,-0.3847116982054159
146,-0.2961250906287637,0.8617773920146937,-0.13675761232009623,-0.3885189992586795
147,-0.2960935091983119,0.8616209403955594,-0.12653678315853317,-0.3923345911213947
148,-0.2960194944115329,0.8613365387101264,-0.11632180912166581,-0.39615787602149466
149,-0.2959038819183457,0.8609239585146867,-0.10611425067422403,-0.3999882449834036
150,-0.2957475149220487,0.8603829957549701,-0.09591566322538955,-0.4038250779498088
151,-0.29555124389712606,0.8597134708440988,-0.0857275968274743,-0.407667743907021
152,-0.29531592630549613,0.8589152287350953,-0.0755515958762098,-0.41151560101389084
153,-0.2950424263112712,0.8579881389879237,-0.06538919881271568,-0.41536799673425545
154,-0.29473161449411467,0.8569320958310461,-0.05524193782721673,-0.4192242679728805
155,-0.2943843675612652,0.8557470182174722,-0.045111338564569836,-0.4230837412148708
156,-0.2940015680583145,0.8544328498752939,-0.034998919831669556,-0.42694573266851116
157,-0.2935841040788093,0.8529895593526791,-0.02490619330679819,-0.43080954841151053
158,-0.29313286897276203,0.8514171400573181,-0.014834663250983371,-0.43467448454060953
159,-0.29264876105414567,0.8497156102903094,-0.004785826221428979,-0.4385398273245187
160,-0.29213268330745346,0.8478850132744696,0.005238829212918572,-0.4424048533601516
161,-0.29158554309340234,0.8459254171770607,0.015237822753603025,-0.4462688297321141
162,-0.2910082518538614,0.843836915126926,0.02520968265262985,-0.4501310141754135
163,-0.29040172481608084,0.8416196252260246,0.03515294599011198,-0.45399065524134613
164,-0.2897668806963063,0.8392736905553652,0.04506615894953209,-0.45784699246652805
165,-0.2891046414028561,0.8367992791753235,0.0549478770905546,-0.46169925654502253
166,-0.28841593173873936,0.8341965841203516,0.06479666561933523,-0.4655466695035291
167,-0.2877016791039023,0.8314658233880714,0.07461109965625928,-0.4693884448795851
168,-0.28696281319717276,0.8286072399227504,0.084389764501059,-0.4732237879027442
169,-0.28620026571799245,0.8256211015931659,0.09413125589524218,-0.47705189567868017
170,-0.28541497006801253,0.8225077011648516,0.10383418028178443,-0.48087195737617716
171,-0.2846078610526333,0.819267356266743,0.11349715506202035,-0.4846831544169594
172,-0.2837798745825693,0.8159004093522089,0.12311880884968052,-0.48848466066831053
173,-0.2829319473755204,0.8124072276544941,0.13269778172201807,-0.4922756426384413
174,-0.28206501665802625,0.808788203136563,0.1422327254679749,-0.4960552596745535
175,-0.2811800198675888,0.8050437524353692,0.15172230383332197,-0.4998226641635524
176,-0.280277894355138,0.8011743168005487,0.16116519276273478,-0.5035770017353599
177,-0.27935957708792625,0.7971803620275542,0.17056008063874117,-0.5073174114687755
178,-0.2784260043529232,0.7930623783852432,0.1799056685174926,-0.5110430260998392
179,-0.27747811146080126,0.7888208805379342,0.18920067036131288,-0.5147529722326379
180,-0.27651683245058056,0.7844564074619427,0.19844381326796376,-0.5184463705525091
181,-0.2755430997950203,0.7799695223566193,0.2076338376965918,-0.5221223360415869
182,-0.27455784410683043,0.7753608125499065,0.21676949769029533,-0.5257799781966361
183,-0.2735619938457884,0.7706308893984293,0.22584956109527196,-0.5294184012491213
184,-0.27255647502682956,0.7657803881821484,0.23487280977649783,-0.5330367043874557
185,-0.27154221092920183,0.7608099679935916,0.2438380398298917,-0.5366339819813754
186,-0.2705201218067524,0.7557203116216876,0.2527440617909208,-0.5402093238083794
187,-0.2694911245994285,0.7505121254302329,0.26158970083960154,-0.543761815282185
188,-0.2684561326460698,0.74518613923101,0.2703737970018564,-0.5472905376831363
189,-0.2674160553985676,0.7397431061515877,0.27909520534718046,-0.5507945683905083
190,-0.2663717981374679,0.7341838024978348,0.2877527961825782,-0.5542729811166517
191,-0.2653242616890948,0.7285090276111716,0.2963454552427304,-0.5577248461429172
192,-0.264274342144271,0.7227196037205954,0.3048720838763527,-0.5611492305572984
193,-0.2632229305787056,0.7168163757895085,0.3133315992287019,-0.56454519849374
194,-0.2621709127751323,0.7108002113573845,0.3217229344202014,-0.567911811373039
195,-0.26111916894726417,0.7046720003763102,0.3300450387211409,-0.5712481281452924
196,-0.260068573465644,0.6984326550424322,0.33829687772241884,-0.5745532055338186
197,-0.25901999458546043,0.6920831096223532,0.3464774335022953,-0.5778260982804984
198,-0.25797429417640605,0.6856243202745123,0.35458570478911355,-0.5810658593924665
199,-0.2569323274546442,0.679057264865589,0.3626207071199681,-0.5842715403900991
200,-0.2558949427169628,0.6723829427819754,0.37058147299527777,-0.5874421915562272
201,-0.2548629810771808,0.6656023747363555,0.3784670520292414,-0.5905768621865166
202,-0.2538372762048796,0.658716602569436,0.38627651109614203,-0.5936746008409486
203,-0.2528186540665299,0.6517266890468711,0.3940089344724705,-0.5967344555963396
204,-0.25180793266908275,0.6446337176514347,0.40166342397484356,-0.5997554742998334
205,-0.2508059218060919,0.6374387923704739,0.40923909909369105,-0.602736704823302
206,-0.24981342280643715,0.6301430374787056,0.4167350971226793,-0.6056771953185901
207,-0.24883122828571416,0.6227475973163963,0.4241505732838565,-0.6085759944735366
208,-0.2478601219003596,0.6152536360629746,0.43148470084849,-0.6114321517687115
209,-0.24690087810457348,0.6076623375061397,0.4387366712535734,-0.6142447177347958
210,-0.24595426191010528,0.5999749048064986,0.4459056942139883,-0.6170127442105463
211,-0.24502102864897288,0.5921925602578078,0.45299099783029134,-0.6197352846012713
212,-0.24410192373916656,0.5843165450428534,0.45999182869211497,-0.6224113941377559
213,-0.24319768245341178,0.576348118985041,0.4669074519771602,-0.6250401301355697
214,-0.24230902969104656,0.5682885602957437,0.47373715154576757,-0.627620552254686
215,-0.24143667975307556,0.5601391653174661,0.48048023003104434,-0.630151722759351
216,-0.2405813361204603,0.5519012482628884,0.4871360089245431,-0.632632706778133
217,-0.23974369123570727,0.5435761409498451,0.49370382865746537,-0.6350625725640835
218,-0.23892442628780827,0.535165192532298,0.5001830486773929,-0.6374403917549457
219,-0.23812421100059464,0.5266697692273743,0.5065730475205179,-0.6397652396333391
220,-0.23734370342455796,0.5180912540385167,0.5128732228793793,-0.6420361953868577
221,-0.23658354973219603,0.5094310464748275,0.5190829916660804,-0.6442523423680098
222,-0.23584438401693658,0.5006905622666555,0.5252017900709937,-0.6464127683539335
223,-0.23512682809569432,0.49187123307749786,0.5312290736169325,-0.6485165658058204
224,-0.2344314913151118,0.48297450621228666,0.5371643172087942,-0.6505628321279816
225,-0.23375897036153834,0.4740018443221182,0.5430070151786635,-0.6525506699264836
226,-0.23310984907479557,0.46495472510550107,0.5487566813263772,-0.6544791872672916
227,-0.23248469826578191,0.455834641006188,0.554412848955542,-0.6563474979338512
228,-0.23188407553796156,0.4466430989076612,0.5599750709050101,-0.658154721684039
229,-0.23130852511278924,0.4373816198243433,0.5654429195758053,-0.6598999845064171
230,-0.23075857765911428,0.42805173858960166,0.5708159869535083,-0.661582418875724
231,-0.23023475012661154,0.4186550035406252,0.576093884626097,-0.6632011640075348
232,-0.22973754558328402,0.40919297620023626,0.5812762437972449,-0.664755366112021
233,-0.22926745305707963,0.3996672309557192,0.5863627152950867,-0.6662441786467487
234,-0.22882494738166426,0.39007935473473854,0.5913529695764494,-0.6676667625684415
235,-0.22841048904639422,0.38043094667841526,0.5962466967265616,-0.6690222865836497
236,-0.22802452405052648,0.3707236178116491,0.6010436064542428,-0.6703099273982522
237,-0.22766748376170765,0.3609589907107472,0.6057434280825862,-0.6715288699657285
238,-0.22733978477877756,0.3511386991684531,0.6103459105351369,-0.6726783077341352
239,-0.2270418287989259,0.3412643878564376,0.61485082231759,-0.6737574428917228
240,-0.22677400248923743,0.33133771198534323,0.6192579514950013,-0.6747654866111217
241,-0.22653667736266017,0.32136033696244753,0.62356710566454,-0.67570165929204
242,-0.22633020965842868,0.31133393804704357,0.62777811192379,-0.6765651908024037
243,-0.2261549402269776,0.30126020000359005,0.6318908168346125,-0.6773553207178751
244,-0.22601119441937345,0.2911408167527422,0.635905086382592,-0.6780712985596886
245,-0.22589928198129605,0.2809774910203189,0.6398208059320782,-0.6787123840307372
246,-0.2258194969515992,0.2707719339843037,0.6436378801768435,-0.6792778472498464
247,-0.22577211756547447,0.2605258649199497,0.6473562330863748,-0.6797669689841753
248,-0.22575740616225004,0.2502410108430851,0.6509758078478203,-0.6801790408796798
249,-0.22577560909784275,0.23991910615168385,0.6544965668036142,-0.6805133656895774
250,-0.22582695666189398,0.2295618922658032,0.6579184913847965,-0.6807692575007516
251,-0.22591166299960713,0.21917111726595362,0.6612415820400561,-0.6809460419580317
252,-0.22602992603830893,0.20874853553000516,0.6644658581605215,-0.6810430564862963
253,-0.2261819274187578,0.19829590736869246,0.667591358000322,-0.681059650510327
254,-0.22636783243121317,0.187814998659822,0.6706181385929434,-0.6809951856723666
255,-0.22658778995628764,0.17730758048125278,0.6735462756634166,-0.6808490360473091
256,-0.22684193241059566,0.1667754287427476,0.6763758635363526,-0.6806205883554747
257,-0.22713037569721503,0.15622032381676937,0.6791070150398631,-0.6803092421729051
258,-0.22745321916097525,0.14564405016831194,0.681739861405398,-0.6799144101391206
259,-0.2278105455485837,0.13504839598386137,0.6842745521635204,-0.6794355181622876
260,-0.22820242097360327,0.12443515279954932,0.6867112550356672,-0.6788720056217356
261,-0.228628894886289,0.11380611512862096,0.6890501558219131,-0.6782233255677677
262,-0.22909000004829508,0.10316308008826008,0.6912914582847833,-0.6774889449187143
263,-0.22958575251225655,0.09250784702590309,0.6934353840291451,-0.6766683446551677
264,-0.23011615160625515,0.08184221714509082,0.6954821723782143,-0.6757610200113516
265,-0.23068117992317205,0.07116799313097147,0.6974320802457152,-0.6747664806635678
266,-0.23128080331493084,0.06048697877552567,0.6992853820042333,-0.6736842509156669
267,-0.2319149708916355,0.049800978602608015,0.7010423693497924,-0.6725138698814943
268,-0.2325836150256022,0.039111797492890094,0.7027033511627084,-0.6712548916642593
269,-0.23328665136028437,0.028421240308793755,0.7042686533647473,-0.6699068855327734
270,-0.23402397882409093,0.0177311115194983,0.7057386187726348,-0.6684694360945146
271,-0.2347954796490964,0.00704321482611181,0.7071136069479639,-0.6669421434654615
272,-0.23560101939463354,-0.0036406472129082434,0.708393994043536,-0.6653246234366551
273,-0.23644044697576824,-0.014318673555995698,0.7095801726461826,-0.6636165076374375
274,-0.2373135946966487,-0.024989065052294757,0.7106725516161139,-0.6618174436953207
275,-0.23822027828871709,-0.035650024814969206,0.7116715559228396,-0.6599270953924402
276,-0.23916029695378294,-0.04629975859391172,0.712577626477705,-0.6579451428185517
277,-0.24013343341193777,-0.05693647514776967,0.7133912199630938,-0.6558712825205193
278,-0.24113945395430725,-0.06755838661520941,0.714112808658344,-0.653705227648257
279,-0.2421781085006216,-0.07816370888530816,0.7147428802624257,-0.6514467080970828
280,-0.2432491306615966,-0.08875066196702391,0.7152819377134274,-0.6490954706464347
281,-0.24435223780610293,-0.09931747035761979,0.7157304990049079,-0.6466512790949218
282,-0.24548713113310966,-0.10986236340999245,0.7160890969991586,-0.6441139143916512
283,-0.24665349574838819,-0.1203835756987883,0.7163582792374295,-0.6414831747638146
284,-0.24785100074594807,-0.13087934738524487,0.7165386077471734,-0.6387588758404743
285,-0.2490792992941931,-0.141347924580666,0.7166306588463586,-0.6359408507725274
286,-0.2503380287267698,-0.1517875597084402,0.7166350229449052,-0.6330289503488028
287,-0.2516268106380881,-0.16219651186453213,0.7165523043432998,-0.6300230431082575
288,-0.252945250983491,-0.1725730471763435,0.716383121028443,-0.6269230154482427
289,-0.2542929401840425,-0.18291543915988934,0.7161281044667844,-0.6237287717287938
290,-0.2556694532359131,-0.19322196907517397,0.7157878993948037,-0.6204402343729295
291,-0.2570743498243323,-0.20349092627971216,0.7153631636068938,-0.6170573439629073
292,-0.2585071744420773,-0.21372060858009756,0.7148545677407018,-0.6135800593324237
293,-0.25996745651247044,-0.22390932258154397,0.7142627950599879,-0.6100083576547165
294,-0.2614547105168535,-0.234055384035314,0.7135885412350615,-0.6063422345265482
295,-0.26296843612650145,-0.2441571181839634,0.7128325141208492,-0.6025817040480347
296,-0.2645081183389524,-0.2542128601043119,0.711995433532663,-0.5987267988983016
297,-0.26607322761870356,-0.2642209550480661,0.7110780310197168,-0.5947775704069342
298,-0.26766322004225274,-0.2741797587800162,0.7100810496364631,-0.5907340886212034
299,-0.2692775374474344,-0.2840876379137286,0.7090052437118061,-0.5865964423690331
300,-0.27091560758702343,-0.29394297024465343,0.7078513786162508,-0.5823647393177043
301,-0.27257684428655743,-0.30374414508057673,0.7066202305270561,-0.5780391060282529
302,-0.2742606476063424,-0.31348956356933466,0.7053125861914468,-0.5736196880055551
303,-0.27596640400759964,-0.32317763902372176,0.7039292426879568,-0.5691066497440768
304,-0.2776934865227063,-0.33280679724350914,0.702471007185955,-0.5645001747692657
305,-0.27944125492949395,-0.34237547683450753,0.7009386967034315,-0.5598004656745721
306,-0.2812090559295493,-0.3518821295245976,0.6993331378630945,-0.5550077441540827
307,-0.28299622333048263,-0.3613252204766558,0.697655166646854,-0.5501222510307412
308,-0.28480207823210524,-0.3707032285983037,0.6959056281487466,-0.5451442462801623
309,-0.2866259292164779,-0.38001464684840897,0.6940853763263768,-0.5400740090500018
310,-0.2884670725417732,-0.38925798254027555,0.6921952737509315,-0.534911837674889
311,-0.29032479233990516,-0.398431757641437,0.6902361913558384,-0.5296580496869014
312,-0.29219836081787676,-0.40753450907000366,0.6882090081841341,-0.5243129818215712
313,-0.2940870384627864,-0.41656478898748306,0.6861146111346028,-0.5188769900194206
314,-0.29599007425044765,-0.42552116508801197,0.6839538947067609,-0.5133504494230119
315,-0.29790670585756346,-0.43440222088393265,0.6817277607447467,-0.5077337543695074
316,-0.2998361598774003,-0.4432065559876496,0.6794371181801848,-0.502027318378737
317,-0.30177765203890805,-0.4519327863896999,0.6770828827740933,-0.4962315741367628
318,-0.3037303874292252,-0.46057954473298013,0.6746659768578964,-0.49034697347494
319,-0.3056935607195166,-0.46914548058305694,0.6721873290736211,-0.48437398734447623
320,-0.30766635639407824,-0.47762926069451284,0.6696478741133274,-0.4783131057864777
321,-0.3096479489826549,-0.48602956927325613,0.6670485524578577,-0.4721648378974918
322,-0.3116375032959082,-0.49434510823474376,0.6643903101149616,-0.4659297117905413
323,-0.3136341746639738,-0.5025745974580509,0.6616740983568689,-0.459608274551656
324,-0.3156371091780429,-0.5107167750357371,0.6589008734573759,-0.45320109219190063
325,-0.31764544393491045,-0.5187703975194478,0.6560715964285165,-0.44670874959490664
326,-0.3196583072844227,-0.5267342401612005,0.6531872327568826,-0.4401318504599115
327,-0.32167481907975704,-0.5346070971502954,0.6502487521396619,-0.4334710172403138
328,-0.32369409093047535,-0.5423877818458032,0.6472571282204651,-0.42672689107774603
329,-0.32571522645827855,-0.5500751270045735,0.6442133383250046,-0.41990013173168655
330,-0.3277373215553988,-0.5576679850047184,0.6411183631966975,-0.41299141750459933
331,-0.3297594646455614,-0.5651652280645101,0.6379731867322576,-0.40600144516263775
332,-0.3317807369474465,-0.5725657484566646,0.6347787957173474,-0.398930929851902
333,-0.33380021274058125,-0.5798684587179357,0.6315361795623512,-0.391780605010276
334,-0.33581695963360064,-0.5870722918539992,0.6282463300383475,-0.38455122227485533
335,-0.3378300388347913,-0.5941762015395666,0.6249102410133369,-0.37724355138497534
336,-0.3398385054248631,-0.6011791623136862,0.6215289081888009,-0.3698583800808714
337,-0.3418414086318682,-0.6080801697701963,0.6181033288366546,-0.362396513997963
338,-0.3438377921081962,-0.6148782407432758,0.6146345015366619,-0.354858776556808
339,-0.3458266942095769,-0.6215724134880647,0.61112342591438,-0.3472460088487258
340,-0.34780714827601167,-0.6281617478563072,0.6075711023796981,-0.33955906951712445
341,-0.3497781829145671,-0.6346453254669808,0.6039785318660403,-0.3317988346345362
342,-0.35173882228394354,-0.641022249871873,0.6003467155702931,-0.3239661975754081
343,-0.35368808638076393,-0.6472916467160763,0.5966766546935294,-0.3160620688846451
344,-0.35562499132748604,-0.6534526638933577,0.5929693501825922,-0.3080873761419533
345,-0.3575485496618783,-0.6595044716963776,0.5892258024726014,-0.3000430638219923
346,-0.35945777062797385,-0.6654462629617165,0.58544701123045,-0.2919300931503743
347,-0.36135166046843287,-0.6712772532096951,0.5816339750993559,-0.28374944195552976
348,-0.36322922271823055,-0.6769966807789356,0.5777876914445341,-0.2755021045164805
349,-0.36508945849959457,-0.6826038069556574,0.5739091561000474,-0.2671890914065325
350,-0.36693136681811833,-0.6880979160976667,0.5699993631169056,-0.25881142933293655
351,-0.3687539448599693,-0.6934783157530209,0.5660593045124765,-0.2503701609725396
352,-0.3705561882901086,-0.6987443367733381,0.5620899700212658,-0.24186634480345892
353,-0.3723370915514539,-0.7038953334217379,0.5580923468471312,-0.2333010549328191
354,-0.3740956481648992,-0.7089306834753751,0.5540674194169984,-0.22467538092058364
355,-0.375830851030113,-0.7138497883225694,0.5500161691361295,-0.2159904275995131
356,-0.3775416927270368,-0.7186520730544879,0.545939574145013,-0.207247314891296
357,-0.3792271658180053,-0.7233369865513817,0.5418386090779349,-0.19844717761887715
358,-0.38088626315040497,-0.7279040015633417,0.5377142448232886,-0.18959116531504155
359,-0.3825179781597931,-0.7323526147855836,0.5335674482856816,-0.18068044202726902
360,-0.38412130517339965,-0.7366823469282187,0.5293991821499049,-0.17171618611891995
361,-0.38569523971392244,-0.7408927427805201,0.5252104046468192,-0.16269959006679124
362,-0.38723877880354873,-0.7449833712696666,0.5210020693212118,-0.15363186025507036
363,-0.388750921268111,-0.7489538255139468,0.5167751248016892,-0.14451421676574905
364,-0.39023066804129913,-0.7528037228704307,0.5125305145726581,-0.13534789316552967
365,-0.3916770224688523,-0.7565327049770834,0.5082691767484524,-0.12613413628927672
366,-0.3930889906126476,-0.7601404377893318,0.5039920438496581,-0.11687420602004997
367,-0.394465581554601,-0.7636266116110654,0.4997000425816988,-0.10756937506577843
368,-0.3958058077003035,-0.7669909411200806,0.49539409361572545,-0.09822092873260996
369,-0.3971086850823144,-0.7702331653879575,0.49107511137187676,-0.08883016469499896
370,-0.3983732336630212,-0.7733530478943741,0.4867440038049479,-0.07939839276256608
371,-0.39959847763699735,-0.7763503765358533,0.4824016721925368,-0.06992693464379629
372,-0.4007834457327695,-0.7792249636289531,0.4780490109257052,-0.060417123706613514
373,-0.4019271715139157,-0.7819766459078967,0.47368690730221485,-0.0508703047358904
374,-0.40302869367941413,-0.7846052845166498,0.46931624132238214,-0.04128783368794156
375,-0.40408705636316383,-0.787110764995451,0.46493788548760767,-0.031671077442063295
376,-0.40510130943259415,-0.7894929972618027,0.46055270460162295,-0.022021413549157945
377,-0.40607050878628526,-0.7917519155859338,0.45616155557450644,-0.01234022997751244
378,-0.4069937166505209,-0.7938874785607422,0.45176528722951426,-0.002628924855777967
379,-0.4078700018746918,-0.7958996690662238,0.44736474011277405,0.00711109378678329
380,-0.40869844022546986,-0.7977884942284164,0.44296074630588356,0.016878408282746463
381,-0.40947811467968004,-0.7995539853728508,0.43855412924146275,0.02667159159158186
382,-0.41020811571578153,-0.8011961979725473,0.43414570352170156,0.036489207567296136
383,-0.4108875416038891,-0.8027152115905545,0.4297362747399496,0.04632981122855993
384,-0.4115154986942535,-0.8041111298170616,0.42532663930538256,0.05619194903130427
385,-0.4120911017041209,-0.8053840802011019,0.4209175842707964,0.06607415914369016
386,-0.41261347400289433,-0.8065342141768608,0.41650988716356346,0.07597497172340846
387,-0.4130817478955259,-0.8075617069846198,0.4121043158197908,0.08589290919724772
388,-0.413495064904058,-0.8084667575863547,0.40770162822172784,0.0958264865428543
389,-0.41385257604723635,-0.8092495885760124,0.4033025723384435,0.10577421157265023
390,-0.41415344211812544,-0.809910446084495,0.39890788596983373,0.11573458521980712
391,-0.41439683395964383,-0.8104495996793768,0.39451829659397425,0.1257061018262467
392,-0.41458193273795063,-0.8108673422593807,0.39013452121786596,0.13568724943258348
393,-0.4147079302136077,-0.8111639899436496,0.3857572662316049,0.14567651006995613
394,-0.4147740290104399,-0.8113398819558373,0.3813872272660107,0.15567236005366608
395,-0.41477944288202573,-0.8113953805030536,0.37702508905374027,0.16567327027858303
396,-0.4147233969757429,-0.8113308706496972,0.3726715252939301,0.1756777065162235
397,-0.4146051280942987,-0.8111467601862143,0.36832719852038415,0.18568412971345666
398,-0.4144238849546702,-0.8108434794928114,0.3639927599733515,0.1956909962927555
399,-0.41417892844438936,-0.8104214813981651,0.359668849474906,0.20569675845393892
400,-0.41386953187509684,-0.8098812410331668,0.355356095307973,0.2156998644773243
401,-0.41349498123330036,-0.8092232556797381,0.35105511409901746,0.22569875902823075
402,-0.4130545754282655,-0.8084480446147619,0.34676651070441955,0.23569188346276282
403,-0.4125476265369714,-0.8075561489491686,0.34249087810057954,0.24567767613479544
404,-0.411973460046065,-0.8065481314622212,0.3382287972777443,0.2556545727041154
405,-0.41133141509074894,-0.8054245764310397,0.33398083713761556,0.2656210064456132
406,-0.41062084469052973,-0.8041860894554198,0.3297475543947255,0.27557540855949586
407,-0.4098411159817742,-0.8028332972779805,0.3255294934816342,0.2855162084824094
408,-0.408991610446994,-0.8013668475996937,0.321327186457939,0.29544183419943915
409,-0.4080717241408066,-0.799787408890847,0.3171411529231347,0.3053507125568888
410,-0.40708086791251097,-0.7980956701974823,0.3129718999333364,0.3152412695757739
411,-0.4060184676251996,-0.7962923409433702,0.30881992192187685,0.325111930765973
412,-0.4048839643713684,-0.7943781507275584,0.30468570062380285,0.3349611214409382
413,-0.40367681468494926,-0.792353849117566,0.30056970500427393,0.34478726703292545
414,-0.40239649074970785,-0.7902202054382561,0.29647239119089325,0.354588793408639
415,-0.4010424806039522,-0.7879780085564583,0.2923942024099637,0.36436412718524774
416,-0.39961428834149715,-0.7856280666613904,0.2883355689266971,0.3741116960466783
417,-0.39811143430881357,-0.7831712070409342,0.28429690798937957,0.3838299290601296
418,-0.39653345529832457,-0.780608275853826,0.2802786237774987,0.3935172569927278
419,-0.3948799047377861,-0.7779401378978211,0.27628110735385386,0.4031721126282479
420,-0.3931503528756926,-0.7751676763738929,0.2723047366206434,0.41279293108382975
421,-0.391344386962664,-0.772291792646522,0.2683498762795368,0.42237815012663266
422,-0.38946161142875874,-0.769313406000137,0.2644168777957507,0.43192621049032154
423,-0.387501648056662,-0.7662334533917858,0.26050607936611314,0.4414355561913488
424,-0.38546413615069575,-0.763052889200071,0.25661780589113453,0.45090463484493243
425,-0.3833487327016117,-0.7597726849704431,0.2527523689510776,0.4603318979806748
426,-0.3811551125471042,-0.7563938291568973,0.24891006678603395,0.4697158013577377
427,-0.378882968528016,-0.752917326860149,0.24509118428000304,0.47905480527951194
428,-0.3765320116401708,-0.7493441995623488,0.24129599294897525,0.48834737490769564
429,-0.3741019711817999,-0.7456754848584127,0.23752475093301112,0.49759198057572596
430,-0.37159259489652674,-0.7419122361840269,0.23377770299232348,0.5067870981014767
431,-0.3690036491118399,-0.7380555225404015,0.23005508050734758,0.5159312090991588
432,-0.3663349188730481,-0.7341064282158404,0.22635710148280275,0.5250228012903461
433,-0.3635862080726513,-0.7300660525042058,0.22268397055572914,0.5340603688140622
434,-0.36075733957509704,-0.7259355094203297,0.21903587900750307,0.5430424125358488
435,-0.3578481553368892,-0.7217159274124676,0.2154130047798159,0.5519674403557501
436,-0.35485851652200495,-0.7174084490718537,0.21181551249460648,0.5608339675151336
437,-0.3517883036125892,-0.7130142308394302,0.20824355347794055,0.5696405169022939
438,-0.34863741651488805,-0.7085344427098293,0.20469726578782016,0.5783856193567463
439,-0.34540577466039407,-0.7039702679326829,0.2011767742459169,0.5870678139721572
440,-0.34209331710216495,-0.6993229027113322,0.19768219047320762,0.5956856483978352
441,-0.33870000260629085,-0.6945935558990145,0.1942136129295075,0.6042376791387052
442,-0.33522580973847316,-0.6897834486926002,0.19077112695687162,0.6127224718537199
443,-0.3316707369456984,-0.6848938143239675,0.18735480482686084,0.6211386016526048
444,-0.32803480263296064,-0.6799258977490721,0.1839647057916485,0.6294846533909031
445,-0.32431804523503477,-0.6748809553348187,0.18060087613894749,0.6377592219632215
446,-0.32052052328324643,-0.6697602545437807,0.17726334925074322,0.6459609125946342
447,-0.31664231546723454,-0.6645650736168744,0.17395214566580283,0.6540883411301641
448,-0.31268352069167765,-0.6592967012540454,0.17066727314594962,0.6621401343222725
449,-0.3086442581279643,-0.6539564362930694,0.16740872674607424,0.6701149301162945
450,-0.3045246672607862,-0.6485455873865201,0.16417648888785227,0.6780113779337616
451,-0.30032490792963945,-0.6430654726770141,0.1609705294371612,0.6858281389535297
452,-0.29604516036521095,-0.637517419470789,0.15779080578514967,0.6935638863906594
453,-0.29168562522064184,-0.6319027639097128,0.15463726293295155,0.701217305772978
454,-0.2872465235976461,-0.6262228506417971,0.15150983358000034,0.7087870952152614
455,-0.2827280970674752,-0.6204790324902987,0.1484084382159293,0.7162719656909762
456,-0.27813060768671727,-0.6146726701214928,0.145332985216019,0.7236706413015053
457,-0.27345433800791674,-0.6088051317112032,0.14228337094016472,0.7309818595428076
458,-0.26869959108500857,-0.6028777926101581,0.13925947983533274,0.7382043715694494
459,-0.26386669047355765,-0.5968920350082796,0.13626118454147246,0.7453369424559348
460,-0.25895598022579697,-0.5908492475979608,0.13328834600084988,0.7523783514552888
461,-0.25396782488045794,-0.5847508252364424,0.13034081357077282,0.7593273922548157
462,-0.24890260944738823,-0.5785981686073456,0.1274184251396649,0.7661828732289924
463,-0.24376073938696247,-0.572392683881468,0.12452100724646298,0.7729436176894255
464,-0.23854264058426633,-0.5661357823769093,0.12164837520328999,0.7796084641318162
465,-0.23324875931807762,-0.5598288802186242,0.11880033322137443,0.7861762664798708
466,-0.22787956222462263,-0.5534733979974729,0.11597667454017513,0.7926458943261155
467,-0.2224355362561279,-0.5470707604288663,0.11317718155966693,0.7990162331695405
468,-0.21691718863415818,-0.5406223960110792,0.11040162597575849,0.80528618465003
469,-0.21132504679775446,-0.5341297366833241,0.10764976891878855,0.8114546667795195
470,-0.20565965834637928,-0.527594217483667,0.10492136109506937,0.8175206141698235
471,-0.1999215909776597,-0.5210172762068607,0.1022161429314261,0.8234829782570902
472,-0.19411143241996764,-0.5144003530621992,0.09953384472269675,0.8293407275228144
473,-0.18822979035981505,-0.5077448903314522,0.09687418678214123,0.8350928477113787
474,-0.18227729236410506,-0.5010523320269913,0.09423687959472343,0.8407383420440477
475,-0.17625458579722378,-0.49432412355016225,0.09162162397320901,0.8462762314293862
476,-0.17016233773301306,-0.48756171135001336,0.08902811121704186,0.8517055546700443
477,-0.16400123486162185,-0.48076654258244633,0.0864560232739519,0.8570253686658514
478,-0.15777198339125828,-0.4739400647698807,0.08390503290424084,0.8622347486131879
479,-0.15147530894486783,-0.4670837254615115,0.08137480384769882,0.8673327882005849
480,-0.14511195645174088,-0.46019897189424774,0.07886499099310831,0.8723185998004874
481,-0.13868269003408626,-0.4532872506544039,0.0763752405502786,0.8771913146571666
482,-0.13218829288858852,-0.4463500073402471,0.07390519022456557,0.8819500830707097
483,-0.12562956716296317,-0.4393886862254573,0.07145446939381825,0.8865940745770641
484,-0.11900733382754529,-0.4324047299236,0.06902269928771157,0.8911224781240772
485,-0.11232243254193067,-0.4253995790536851,0.06660949316940165,0.895534502243507
486,-0.10557572151670737,-0.4183746719069036,0.0642144565194596,0.8998293752189512
487,-0.09876807737028355,-0.41133144411460176,0.061837187222020654,0.9040063452496572
488,-0.09190039498086916,-0.40427132831760026,0.059477275753106525,0.908064680610182
489,-0.08497358733361861,-0.3971957538369155,0.05713430537105278,0.9120036698058557
490,-0.07798858536297963,-0.390106146345976,0.05480785230899891,0.9158226217240147
491,-0.0709463377902825,-0.38300392754441376,0.05249748596937458,0.9195208657809764
492,-0.06384781095658858,-0.37589051483349545,0.05020276912033217,0.9230977520647052
493,-0.056693988650856376,-0.3687673209932889,0.047923258094066945,0.9265526514731578
494,-0.04948587193344193,-0.36163575386163493,0.045658502986964195,0.9298849558482509
495,-0.04222447895498761,-0.3544972160150037,0.04340804786152545,0.9330940781054413
496,-0.03491084477072133,-0.34735310445130413,0.041171430949998145,0.9361794523588758
497,-0.027546021150226238,-0.3402048102747381,0.03894818485967134,0.939140534042088
498,-0.020131076382702368,-0.3330537183827634,0.03673783677975623,0.9419768000241997
499,-0.012667095077785448,-0.32590120715524723,0.03453990868981726,0.9446877487216303
