,0,1,2,3
0,0.8888695653022513,0.0,0.45816033861453676,0.0
1,0.8923685310630552,-0.009339523100718164,0.4511235046547892,-0.008874774622314927
2,0.8956751236243949,-0.018699575649376757,0.44396285826969945,-0.01770252151409943
3,0.8987887295209305,-0.02807753058918786,0.4366797695886288,-0.026481140349067712
4,0.9017087808076305,-0.037470754408007186,0.429275640348394,-0.03520854700193845
5,0.9044347551832567,-0.04687660782190139,0.4217519035796878,-0.043882674059634384
6,0.9069661761026803,-0.05629244646032966,0.41411002328559,-0.05250147132796202
7,0.9093026128780075,-0.0657156215527658,0.4063514941122406,-0.061062906333645584
8,0.9114436807684845,-0.07514348061658684,0.39847784101175887,-0.06956496482159066
9,0.913389041059165,-0.0845733681460546,0.39049061889748693,-0.0780056512472543
10,0.9151384011283243,-0.09400262630221522,0.3823914122916414,-0.08638298926399955
11,0.9166915145035961,-0.10342859560354165,0.37418183496545804,-0.09469502220531334
12,0.918048180906831,-0.11284861561714533,0.365863529571916,-0.10293981356176844
13,0.919208246287657,-0.1222600256503806,0.3574381672711305,-0.1111154474526114
14,0.9201716028457388,-0.13166016544266773,0.34890744734850465,-0.11922002909185984
15,0.9209381890417369,-0.14104637585735869,0.3402730968257313,-0.12725168524879288
16,0.9215079895969536,-0.15041599957347085,0.3315368700647406,-0.13520856470272227
17,0.9218810354816793,-0.15976638177711255,0.3227005483646897,-0.14308883869193015
18,0.922057403892236,-0.16909487085242697,0.31376593955208903,-0.15089070135666363
19,0.9220372182167262,-0.1783988190718769,0.3047348775641675,-0.15861237017607618
20,0.9218206479895006,-0.18767558328569767,0.2956092220255777,-0.1662520863990078
21,0.9214079088343524,-0.19692252561034207,0.2863908578185402,-0.1738081154684982
22,0.9207992623964576,-0.20613701411574373,0.27708169464653654,-0.18127874743992722
23,0.9199950162630771,-0.2153164235112237,0.2676836665916531,-0.18866229739268084
24,0.9189955238730434,-0.22445813582986784,0.25819873166568436,-0.19595710583523918
25,0.9178011844150529,-0.23355954111119914,0.24862887135510495,-0.20316153910358908
26,0.9164124427147943,-0.24261803808197496,0.238976090160022,-0.210273989752861
27,0.9148297891109404,-0.2516310348349342,0.22924241512721835,-0.21729287694209526
28,0.9130537593200337,-0.2605959495053228,0.21942989537740135,-0.22421664681204212
29,0.911084934290304,-0.2695102109450262,0.20954060162677263,-0.23104377285590344
30,0.9089239400444536,-0.27837125939413854,0.19957662570303425,-0.23777275628292377
31,0.9065714475114511,-0.2871765471497963,0.18954008005595133,-0.2444021263747437
32,0.9040281723473771,-0.2959235392321087,0.17943309726258724,-0.2509304408344249
33,0.9012948747453642,-0.30460971404701365,0.1692578295273372,-0.2573562861280638
34,0.898372359234688,-0.31323256404589467,0.15901644817687483,-0.26367827781891007
35,0.8952614744690508,-0.3217895963817866,0.1487111431501451,-0.26989506089390564
36,0.8919631130041167,-0.33027833356200725,0.13834412248351663,-0.2760053100825678
37,0.888478211064356,-0.3386963140970478,0.1279176117912299,-0.28200773016813535
38,0.884807748299253,-0.3470410931455573,0.11743385374126003,-0.28790105629090423
39,0.8809527475289456,-0.3553102431552573,0.1068951075267286,-0.29368405424367705
40,0.8769142744793529,-0.3635013544996244,0.09630364833298943,-0.2993555207592547
41,0.8726934375068673,-0.3716120361101788,0.08566176680052046,-0.3049142837899009
42,0.868291387312672,-0.379639916104217,0.07497176848375409,-0.31035920277871093
43,0.8637093166467622,-0.38758264240783163,0.06423597330597569,-0.31568916892281845
44,0.8589484600017407,-0.39543788337405783,0.05345671501042787,-0.32090310542837813
45,0.8540100932964683,-0.4032033283959889,0.042636340607749845,-0.3259999677572587
46,0.8488955335496453,-0.41087668851470815,0.03177720981989329,-0.3309787438653924
47,0.8436061385434104,-0.41845569702187885,0.020881694520645144,-0.3358384544327169
48,0.8381433064770387,-0.42593811005684135,0.009952178172897674,-0.3405781530846599
49,0.8325084756108254,-0.4333217071980644,-0.001008944737195483,-0.34519692660510776
50,0.8267031239002488,-0.44060429204880047,-0.011999269269040713,-0.34969389514081345
51,0.8207287686205006,-0.4477836928167963,-0.023016380599262587,-0.35406821239718733
52,0.8145869659814786,-0.4548577628879098,-0.03405785459605931,-0.3583190658254305
53,0.8082793107333401,-0.4618243813934908,-0.045121258396111974,-0.36244567680096207
54,0.8018074357627147,-0.4686814537713746,-0.05620415098391007,-0.36644730079309984
55,0.795173011679676,-0.4754269123203537,-0.06730408377334735,-0.37032322752595304
56,0.7883777463955777,-0.4820587167479784,-0.07841860119144689,-0.37407278113049
57,0.7814233846918593,-0.4885748547115534,-0.08954524126407148,-0.3776953202877445
58,0.7743117077799315,-0.4949733423521874,-0.10068153620347692,-0.3811902383631279
59,0.7670445328522457,-0.5012522248217623,-0.11182501299756065,-0.38455696353181407
60,0.7596237126246693,-0.5074095768026871,-0.12297319400066375,-0.38779495889517046
61,0.752051134870273,-0.5134435030203028,-0.13412359752577957,-0.39090372258820694
62,0.7443287219446506,-0.5193521387478092,-0.1452737384380247,-0.39388278787801806
63,0.7364584303028927,-0.5251336503035837,-0.15642112874922515,-0.396731723253197
64,0.7284422500083283,-0.5307862355407637,-0.16756327821347017,-0.3994501325042016
65,0.7202822042331654,-0.536308124328971,-0.17869769492349152,-0.40203765479465264
66,0.7119803487511487,-0.541697579028052,-0.18982188590771665,-0.404493964723552
67,0.7035387714223647,-0.5469528949537128,-0.20093335772785198,-0.40681877237840636
68,0.6949595916703253,-0.5520724008349334,-0.21202961707684614,-0.4090118233792434
69,0.6862449599514546,-0.557054459263037,-0.22310817137709216,-0.41107289891351617
70,0.677397057217116,-0.5618974671323094,-0.23416652937871207,-0.4130018157618869
71,0.6684180943683138,-0.5665998560720447,-0.24520220175778357,-0.41479842631488567
72,0.6593103117032041,-0.5711600928699161,-0.25621270171436067,-0.4164626185804443
73,0.6500759783575548,-0.5755766798865558,-0.2671955455701389,-0.41799431618230504
74,0.6407173917382919,-0.5798481554612435,-0.2781482533656156,-0.41939347834930724
75,0.6312368769502763,-0.5839730943085945,-0.28906834945660675,-0.4206600998955576
76,0.6216367862164522,-0.5879501079061498,-0.2999533631099611,-0.42179421119149035
77,0.6119194982915158,-0.5917778448727646,-0.31080082909833867,-0.4227958781258293
78,0.6020874178692421,-0.5954549913377019,-0.32160828829389254,-0.4236652020584632
79,0.5921429749836307,-0.5989802713003319,-0.33237328826071927,-0.42440231976424614
80,0.5820886244040052,-0.6023524469803483,-0.3430933838459247,-0.4250074033677446
81,0.5719268450242319,-0.6055703191584099,-0.35376613776916305,-0.4254806602689472
82,0.5616601392461974,-0.6086327275071179,-0.36438912121050304,-0.4258223330599579
83,0.5512910323577073,-0.611538550912247,-0.3749599143964738,-0.42603269943269845
84,0.5408220719049588,-0.6142867077841418,-0.38547610718414826,-0.42611207207764373
85,0.5302558270597411,-0.616876156359208,-0.39593529964312213,-0.4260607985736205
86,0.5195948879815266,-0.6193058949914054,-0.40633510263523664,-0.42587926126869724
87,0.508841865174606,-0.6215749624336813,-0.41667313839191256,-0.42556787715220024
88,0.4979993888404331,-0.6236824381092639,-0.42694704108894477,-0.42512709771788737
89,0.48707010822533686,-0.6256274423727468,-0.43715445741861864,-0.42455740881832166
90,0.4760566909637638,-0.6274091367608936,-0.4472930471590077,-0.4238593305104791
91,0.4649618224172184,-0.6290267242331061,-0.45736048374031,-0.4230334168926337
92,0.45378820500905914,-0.6304794494014806,-0.46735445480808463,-0.4220802559325656
93,0.4425385575553219,-0.6317665987504042,-0.47727266278324854,-0.42100046928713575
94,0.4312156145917355,-0.6328875008456245,-0.4871128254186957,-0.41979471211327435
95,0.41982212569709654,-0.6338415265327432,-0.4968726763524012,-0.4184636728704357
96,0.4083608548131715,-0.6346280891250793,-0.5065499656568718,-0.41700807311457216
97,0.3968345795612964,-0.635246644580851,-0.5161424603848117,-0.41542866728367756
98,0.38524609055584524,-0.6356966916696327,-0.5256479451108607,-0.4137262424749618
99,0.37359819071473577,-0.6359777721280405,-0.5350642224692813,-0.41190161821371063
100,0.3618936945671456,-0.6360894708046025,-0.5443891136874516,-0.4099556462138963
101,0.35013542755861005,-0.6360314157937819,-0.553620459115037,-0.4078892101305971
102,0.338326225353676,-0.6358032785591081,-0.5627561187487131,-0.40570322530429426
103,0.32646893313628544,-0.6354047740453904,-0.5717939727523017,-0.40339863849711005
104,0.314566404908059,-0.6348356607799759,-0.5807319219721968,-0.4009764276210617
105,0.30262150278465927,-0.6340957409630328,-0.5895678884479544,-0.39843760145839296
106,0.2906370962904059,-0.6331848605468222,-0.598299815917915,-0.39578319937406603
107,0.27861606165131764,-0.632102909303949,-0.6069256703197358,-0.3930142910204824
108,0.26656128108675864,-0.6308498208845613,-0.6154434402857096,-0.3901319760345122
109,0.2544756420998646,-0.6294255728624882,-0.623851137632748,-0.38713738372690915
110,0.24236203676692372,-0.6278301867702986,-0.6321467978469045,-0.38403167276419425
111,0.2302233610258924,-0.6260637281232702,-0.6403284805623196,-0.3808160308430893
112,0.21806251396421672,-0.6241263064322611,-0.6483942700344727,-0.377491674357584
113,0.20588239710614648,-0.6220180752054786,-0.6563422756076147,-0.3740598480587253
114,0.19368591369970442,-0.619739231939139,-0.6641706321762751,-0.37052182470721484
115,0.18147596800350482,-0.6172900180970228,-0.6718775006407225,-0.36687890471890616
116,0.16925546457358315,-0.6146707190789236,-0.6794610683562701,-0.3631324158032932
117,0.1570273075504218,-0.6118816641779979,-0.6869195495763117,-0.35928371259508285
118,0.14479439994635285,-0.6089232265270272,-0.6942511858889785,-0.35533417627894653
119,0.13255964293350225,-0.6057958230335951,-0.701454246647311,-0.35128521420755043
120,0.12032593513246417,-0.6024999143042029,-0.708527029392838,-0.34713825951295973
121,0.10809617190187777,-0.5990360045573313,-0.7154678602724543,-0.342894770711518
122,0.09587324462907895,-0.5954046415254752,-0.7222750944485012,-0.33855623130230766
123,0.08366004002201027,-0.5916064163461681,-0.7289471165019397,-0.3341241493592879
124,0.07145943940255775,-0.5876419634420205,-0.7354823408285229,-0.329600057117222
125,0.059274318001497586,-0.5835119603898083,-0.7418792120278637,-0.3249855105514957
126,0.04710754425521779,-0.5792171277786292,-0.7481362052853071,-0.3202820889519403
127,0.03496197910439941,-0.5747582290571686,-0.7542518267465077,-0.3154913944907641
128,0.02284047529482204,-0.5701360703701095,-0.7602246138846203,-0.31061505178470694
129,0.01074587668047644,-0.5653515003837214,-0.7660531358600138,-0.30565470745153334
130,-0.0013189824708531167,-0.5604054101006741,-0.771735993872418,-0.3006120296609697
131,-0.01335127816935669,-0.5552987326641168,-0.7772718215054172,-0.29548870768021235
132,-0.02534819739214976,-0.5500324431510687,-0.7826592850631989,-0.29028645141411114
133,-0.03730693876923201,-0.5446075583551773,-0.7878970838994875,-0.28500699094016047
134,-0.049224713266293574,-0.5390251365588851,-0.7929839507385621,-0.2796520760384025
135,-0.06109874486418554,-0.5332862772950675,-0.797918651988296,-0.27422347571637723
136,-0.07292627123490189,-0.5273921210981997,-0.8026999880451298,-0.26872297772922926
137,-0.0847045444138908,-0.5213438492451051,-0.8073267935909073,-0.2631523880951051
138,-0.09643083146854027,-0.5151426834853565,-0.8117979378814938,-0.25751353060595844
139,-0.10810241516266679,-0.5087898857613887,-0.8161123250271147,-0.2518082463338888
140,-0.11971659461684443,-0.5022867579183935,-0.8202688942643341,-0.246038393133149
141,-0.13127068596440933,-0.49563464140406666,-0.8242666202196145,-0.24020584513793508
142,-0.1427620230029818,-0.4888349169582791,-0.8281045131643854,-0.23431249225609954
143,-0.1541879578413359,-0.4818890042927491,-0.8317816192615608,-0.22836023965891497
144,-0.16554586154146933,-0.4747983617607913,-0.8352970208034426,-0.22235100726701174
145,-0.17683312475570084,-0.46756448601722495,-0.83864983644095,-0.2162867292326333
146,-0.18804715835865143,-0.4601889116685221,-0.8418392214041219,-0.21016935341833104
147,-0.19918539407394142,-0.4526732109132833,-0.844864367713828,-0.20400084087223963
148,-0.2102452850954559,-0.44501899317312854,-0.8477245043846459,-0.1977831653000631
149,-0.22122430670302187,-0.43722790471408945,-0.8504188976188491,-0.19151831253391055
150,-0.23211995687234738,-0.4293016282586004,-0.8529468509914525,-0.18520827999811074
151,-0.24292975687906943,-0.4212418825881835,-0.8553077056262806,-0.17885507617215435
152,-0.25365125189676285,-0.4130504221369173,-0.8575008403629986,-0.1724607200508876
153,-0.2642820115887633,-0.404729036575799,-0.8595256719150821,-0.16602724060210516
154,-0.2748196306936571,-0.3962795503880952,-0.8613816550186691,-0.15955667622167832
155,-0.2852617296042937,-0.3877038224357879,-0.8630682825722704,-0.15305107418635552
156,-0.2956059549401799,-0.37900374551722027,-0.8645850857672923,-0.14651249010438042
157,-0.3058499801131106,-0.37018124591605367,-0.8659316342093467,-0.13994298736406288
158,-0.3159915058859028,-0.3612382829416434,-0.8671075360303133,-0.13334463658044715
159,-0.3260282609240874,-0.35217684846095043,-0.8681124379911279,-0.12671951504021858
160,-0.335958002340432,-0.3429989664220984,-0.8689460255752681,-0.12006970614498802
161,-0.34577851623215133,-0.33370669236969874,-0.8696080230729174,-0.11339729885310168
162,-0.3554876182106816,-0.3243021129520589,-0.870098193655778,-0.1067043871201139
163,-0.365083153923882,-0.31478734542039827,-0.8704163394425234,-0.09999306933806865
164,-0.3745629995705381,-0.3051645371201933,-0.8705623015548657,-0.09326544777373327
165,-0.3839250624070407,-0.2954358649747768,-0.870535960164224,-0.08652362800592725
166,-0.39316728124611355,-0.2856035349613195,-0.8703372345289904,-0.07976971836208993
167,-0.4022876269474709,-0.2756697815793244,-0.8699660830223677,-0.07300582935423097
168,-0.4112841029002796,-0.2656368673117611,-0.8694225031507873,-0.06623407311441154
169,-0.4201547454973136,-0.25550708207897843,-0.8687065315628915,-0.059456562829890924
170,-0.42889762460067665,-0.24528274268552416,-0.8678182440490817,-0.0526754121780981
171,-0.43751084399898793,-0.234966192260014,-0.8667577555316301,-0.04589273476155506
172,-0.4459925418559102,-0.22455979968818432,-0.8655252200453585,-0.03911064354291188
173,-0.4543408911499173,-0.21406595903927056,-0.864120830708885,-0.03233125028022832
174,-0.46255410010518827,-0.20348708898585086,-0.86254481968645,-0.025556664962649966
175,-0.47063041261352656,-0.1928256322173032,-0.8607974581403233,-0.018788995246622225
176,-0.47856810864719745,-0.1820840548470148,-0.8588790561738094,-0.012030345892787259
177,-0.486365504662588,-0.17126484581349352,-0.8567899627648617,-0.005282818203706796
178,-0.4940209539945838,-0.16037051627553184,-0.8545305656903213,0.001451490537445893
179,-0.5015328472415737,-0.14940359900156774,-0.8521012914407977,0.008170487627080475
180,-0.5088996126409827,-0.13836664775339644,-0.8495026051262127,0.01487208550012667
181,-0.5161197164352459,-0.12726223666438752,-0.846735010372032,0.021554202287572405
182,-0.5231916632281302,-0.11609295961235719,-0.843799049206203,0.028214762372461344
183,-0.5301139963313218,-0.1048614295872537,-0.8406953019368326,0.03485169694420512
184,-0.5368852981011908,-0.09357027805381296,-0.8374243870206325,0.041462944551071385
185,-0.5435041902656549,-0.08222215430933907,-0.8339869609221613,0.04804645165070337
186,-0.5499693342410599,-0.07081972483677135,-0.8303837179638984,0.05460017315853494
187,-0.5562794314390004,-0.059365672653202084,-0.8266153901671908,0.06112207299395375
188,-0.5624332235630114,-0.04786269665399501,-0.8226827470841012,0.06761012462408306
189,-0.568429492895051,-0.03631351095268065,-0.8185865956202092,0.07406231160503199
190,-0.5742670625717117,-0.0247208442167835,-0.8143277798484003,0.08047662812048498
191,-0.5799447968500905,-0.013087438999747514,-0.8099071808136918,0.08685107951748866
192,-0.5854616013632559,-0.0014160510691281214,-0.8053257163291427,0.09318368283929712
193,-0.590816423365247,0.010290551268785808,-0.8005843407628963,0.09947246735514795
194,-0.59600825196555,0.022029587847748944,-0.7956840448164055,0.1057154750868208
195,-0.6010361183529933,0.03379826732356983,-0.790625855293903,0.11191076133185549
196,-0.6058990960090103,0.045593787859186385,-0.7854108348631578,0.11805639518329031
197,-0.610596300910215,0.057413337812630416,-0.7800400818075914,0.12415046004578878
198,-0.6151268917202466,0.0692540964277168,-0.7745147297698061,0.130191054148021
199,-0.619490069970835,0.08111323452728342,-0.7688359474865868,0.1361762910511741
200,-0.6236850802320472,0.09298791520880767,-0.763004938515447,0.14210430015345413
201,-0.627711210271671,0.1048752945422306,-0.7570229409527796,0.14797322719045752
202,-0.6315677912036999,0.11677252226980966,-0.7508912271436853,0.15378123473127941
203,-0.6352541976258901,0.12867674250783706,-0.7446111033835463,0.15952650267023485
204,-0.6387698477463463,0.1405850944500304,-0.7381839096114224,0.16520722871406385
205,-0.6421142034991199,0.15249471307244264,-0.7316110190953404,0.17082162886450122
206,-0.6452867706487855,0.1644027298397028,-0.7248938381095537,0.1763679378960809
207,-0.648287098883972,0.17630627341240682,-0.7180338056038548,0.18184440982905825
208,-0.6511147818998344,0.1882024703555057,-0.7110323928650177,0.18724931839732636
209,-0.6537694574694399,0.20008844584748275,-0.7038911031704551,0.1925809575112064
210,-0.6562508075040575,0.21196132439017404,-0.6966114714341733,0.19783764171499804
211,-0.6585585581023411,0.22381823051903146,-0.6891950638451131,0.20301770663916455
212,-0.6606924795883892,0.23565628951366827,-0.6816434774979638,0.20811950944704577
213,-0.6626523865386817,0.24747262810849974,-0.6739583400165436,0.21314142927597857
214,-0.6644381377978855,0.2592643752033083,-0.6661413091698314,0.21808186767271484
215,-0.6660496364835287,0.27102866257355307,-0.6581940724807547,0.22293924902302337
216,-0.6674868299795457,0.28276262558024745,-0.6501183468278176,0.22771202097536922
217,-0.6687497099186968,0.29446340387922865,-0.6419158780396781,0.2323986548585564
218,-0.6698383121538678,0.30612814212964257,-0.633588440482761,0.23699764609323368
219,-0.6707527167182645,0.3177539907014647,-0.6251378366420224,0.24150751459715092
220,-0.6714930477745069,0.3293381063818889,-0.6165658966949533,0.24592680518406956
221,-0.6720594735526475,0.34087765308039386,-0.6078744780789389,0.25025408795621834
222,-0.672452206277124,0.3523698025323284,-0.5990654650520696,0.2544879586901983
223,-0.6726715020826719,0.3638117350008244,-0.5901407682475224,0.25862703921623487
224,-0.672717660919221,0.37520063997687697,-0.5811023242216089,0.26266997779068274
225,-0.6725910264457988,0.3865337168774027,-0.5719520949956124,0.2666154494616853
226,-0.6722919859134727,0.3978081757411166,-0.562692067591516,0.27046215642789784
227,-0.6718209700373637,0.40902123792203976,-0.5533242535617464,0.2742088283901774
228,-0.6711784528577635,0.4201701367804779,-0.5438506885130392,0.27785422289615574
229,-0.670364951590395,0.4312521183712889,-0.5342734316245453,0.28139712567760056
230,-0.6693810264658552,0.44226444212927335,-0.5245945651602992,0.28483635098048393
231,-0.6682272805582824,0.45320438155151177,-0.5148161939761666,0.2881707418876671
232,-0.6669043596032964,0.4640692248764842,-0.5049404450213908,0.291399170634125
233,-0.6654129518052578,0.4748562757598004,-0.4949694668348601,0.2945205389146241
234,-0.6637537876338947,0.4855628539463649,-0.4849054290362257,0.2975337781837779
235,-0.6619276396103566,0.49618629593882574,-0.47475052181198507,0.300437849948401
236,-0.6599353220827461,0.5067239556621198,-0.4645069553966635,0.3032317460520883
237,-0.6577776909911913,0.517173205123966,-0.4541769595492191,0.3059144889519426
238,-0.6554556436225162,0.5275314350711279,-0.44376278302480066,0.3084851319873833
239,-0.6529701183545772,0.5377960556412944,-0.4332666930419841,0.31094275964096485
240,-0.6503220943903303,0.5479644970104014,-0.4226909747456248,0.31328648779113666
241,-0.6475125914816978,0.5580342100352499,-0.4120379306654469,0.3155154639568819
242,-0.6445426696433094,0.5680026668912391,-0.4013098801705197,0.3176288675341691
243,-0.6414134288561846,0.5778673617050777,-0.39050915891972937,0.31962591002415786
244,-0.638126008761444,0.5876258111822934,-0.3796381183084089,0.3215058352530977
245,-0.634681588344119,0.5972755552294038,-0.36869912491123924,0.32326791958386464
246,-0.6310813856071494,0.606814157570574,-0.35769455992157373,0.3249114721190784
247,-0.6273266572356424,0.6162392063586262,-0.3466268185873081,0.326435834895752
248,-0.6234186982514974,0.6255483147802261,-0.33549830964345406,0.32784038307141594
249,-0.6193588416584628,0.6347391216551191,-0.32431145474153394,0.3291245251016777
250,-0.6151484580777394,0.6438092920292446,-0.3130686878759553,0.3302877029091608
251,-0.6107889553742055,0.6527565177615952,-0.30177245480748877,0.3313293920437873
252,-0.6062817782733697,0.6615785181046636,-0.29042521248400816,0.3322491018343572
253,-0.6016284079691508,0.6702730402783407,-0.27902942845861706,0.3330463755313859
254,-0.5968303617225781,0.6788378600371103,-0.26758758030532265,0.3337207904411645
255,-0.5918891924515202,0.6872707822304154,-0.2561021550323791,0.3342719580510035
256,-0.5868064883115504,0.6955696413560281,-0.24457564849346808,0.3346995241456313
257,-0.5815838722680484,0.7037323021063195,-0.23301056479683796,0.33500316891471443
258,-0.5762230016596528,0.7117566599072627,-0.22140941571255973,0.3351826070514697
259,-0.5707255677531797,0.7196406414500451,-0.20977472007804843,0.3352375878423458
260,-0.56509329529011,0.7273822052151665,-0.198109003201978,0.33516789524774654
261,-0.5593279420247758,0.7349793419888699,-0.18641479626675592,0.3349733479737759
262,-0.5534312982543517,0.7424300753717964,-0.17469463572968966,0.3346537995349857
263,-0.5474051863407796,0.7497324622797216,-0.1629510627230007,0.33420913830810633
264,-0.5412514602247431,0.7568845934362578,-0.15118662245282338,0.3336392875767492
265,-0.5349720049318221,0.763884593857392,-0.13940386359735182,0.3329442055670655
266,-0.5285687360709441,0.7707306233277404,-0.127605337704258,0.3321238854743508
267,-0.5220435993252741,0.7774208768683977,-0.11579359858755783,0.3311783554805904
268,-0.5153985699356562,0.78395358519627,-0.10397120172404398,0.33010767876293545
269,-0.5086356521767572,0.7903270151747649,-0.09214070364945962,0.32891195349311064
270,-0.5017568788260249,0.7965394702557377,-0.08030466135453648,0.3275913128277489
271,-0.49476431062561727,0.80258929091257,-0.06846563168106723,0.3261459248896545
272,-0.48766003573742533,0.8084748550642838,-0.05662617071814216,0.324575992740002
273,-0.48044616919133337,0.8141945784905752,-0.04478883319871124,0.3228817543414705
274,-0.4731248523268574,0.8197469152376654,-0.032956171896609376,0.3210634825123256
275,-0.46569825222830386,0.8251303580148726,-0.021130737024198154,0.3191214848714602
276,-0.45816856115359017,0.8303434385817946,-0.009315075630770608,0.3170561037744005
277,-0.4505379959568763,0.8353847281260134,0.002488268998133869,0.31486771624029936
278,-0.44280879750514884,0.8402528376312204,0.014276757940363372,0.31255673386992966
279,-0.4349832300889171,0.8449464182356727,0.026047857235572458,0.3101236027547007
280,-0.42706358082714885,0.8494641615808898,0.037799038482308256,0.30756880337671144
281,-0.41905215906662835,0.8538048001504999,0.049527779433581665,0.3048928504998783
282,-0.4109512957758569,0.8579671075991524,0.061231564590817245,0.30209629305214825
283,-0.4027633429336763,0.8619498990714147,0.07290788579599894,0.2991797139988372
284,-0.3944906729127558,0.8657520315105651,0.0845542428218935,0.2961437302071191
285,-0.3861356778580995,0.8693724039572173,0.0961681439602009,0.2929889923017
286,-0.3777007690607407,0.8728099578376831,0.10774710660747511,0.2897161845117117
287,-0.36918837632677265,0.8760636772420185,0.11928865784869597,0.28632602450886335
288,-0.36060094734188586,0.8791325891916654,0.13079033503831877,0.282819263236891
289,-0.3519409470315582,0.8820157638966328,0.1422496863786965,0.2791966847323428
290,-0.34321085691707975,0.884712315002151,0.15366427149569623,0.27545910593675343
291,-0.3344131744675573,0.8872213998247248,0.16503166201139768,0.2716073765002394
292,-0.3255504124480778,0.8895422195775409,0.17634944211371667,0.2676423785765806
293,-0.31662509826418206,0.8916740195851615,0.18761520912282548,0.26356502660982295
294,-0.3076397733028307,0.8936160894874527,0.19882657405422016,0.2593762671124674
295,-0.29859699227001185,0.8953677634326938,0.20998116217831353,0.2550770784352908
296,-0.2894993225251765,0.8969284202598202,0.2210766135763993,0.25066847052886043
297,-0.28034934341265555,0.8982974836697528,0.23211058369286547,0.24615148469680362
298,-0.2711496455902331,0.8994744223857642,0.2430807438835147,0.24152719334088413
299,-0.2619028303550541,0.9004587503028489,0.25398478195986207,0.2367966996979594
300,-0.2526115089670212,0.9012500266260527,0.2648204027292732,0.2319611375688799
301,-0.24327830196986677,0.9018478559977294,0.2755853285308191,0.2270216710393927
302,-0.23390583851006413,0.9022518886136799,0.28627729976670224,0.22197949419312768
303,-0.2244967556537514,0.9024618203281682,0.29689407542914636,0.2168358308167304
304,-0.21505369770184504,0.9024773927477526,0.30743343362259734,0.2115919340972202
305,-0.20557931550351188,0.9022983933139401,0.3178931720811272,0.20624908631164507
306,-0.19607626576817477,0.9019246553746185,0.3282711086809044,0.2008085985091133
307,-0.18654721037622812,0.9013560582442545,0.33856508194761104,0.19527181018527817
308,-0.1769948156886345,0.9005925272528479,0.3487729515586797,0.18964008894936146
309,-0.16742175185557928,0.8996340337836158,0.3588925988402317,0.18391483018379223
310,-0.15783069212435785,0.8984805952994035,0.3689219272585923,0.17809745669655422
311,-0.14822431214667087,0.8971322753578133,0.3788588629062637,0.17218941836632068
312,-0.1386052892855013,0.8955891836150408,0.3887013549822424,0.1661921917804683
313,-0.1289763019217507,0.8938514758184241,0.398447376266557,0.16010727986606538
314,-0.11934002876080625,0.8919193537876995,0.4080949235889192,0.15393621151391534
315,-0.10969914813922349,0.8897930653849644,0.4176420182913634,0.14768054119576307
316,-0.10005633733168344,0.8874729044733669,0.4270867066847761,0.14134184857474802
317,-0.09041427185842194,0.8849592108645101,0.4364270604991909,0.13492173810921004
318,-0.08077562479327699,0.8822523702546021,0.4456611773277558,0.12842183864993917
319,-0.07114306607256635,0.8793528141493506,0.45478718106424154,0.12184380303098137
320,-0.0615192618049305,0.8762610197776309,0.46380322233401305,0.1151893076540885
321,-0.051906873582348106,0.8729775099939372,0.4727074789183373,0.10846005206692934
322,-0.04230855779247471,0.8695028531696445,0.48149815617193803,0.10165775853515853
323,-0.03272696493249855,0.8658376630731098,0.49017348743368605,0.09478417160845727
324,-0.023164738924666223,0.8619825987386314,0.4987317344303378,0.08784105768064826
325,-0.013624516433670159,0.8579383643243057,0.5071711876732139,0.08083020454399971
326,-0.004108926186057238,0.8537057089588114,0.5154901668477275,0.07375342093782919
327,0.005379411708163417,0.8492854265771554,0.5236870211956659,0.0666125360915187
328,0.014837886431542574,0.8446783557454232,0.5317601298901367,0.059409399262057794
329,0.0242638971326741,0.8398853794745762,0.5397079024030811,0.052145879266230544
330,0.03365485359696871,0.8349074250233345,0.5475287788652792,0.04482386400756014
331,0.043008176914543284,0.8297454636901975,0.5552212304187387,0.03744525999813822
332,0.05232130014506925,0.824400510594653,0.5627837595614085,0.030011991875447813
333,0.06159166897939865,0.8188736244476208,0.5702149004841116,0.022526001914310895
334,0.07081674239780841,0.8131659073111962,0.5775132193996315,0.014989249534078791
335,0.07999399332469663,0.8072785043477382,0.584677314863866,0.007403710801186764
336,0.08912090927956108,0.8012126035583782,0.5917058180889697,-0.0002286220727932553
337,0.09819499302410208,0.7949694355109994,0.5985973932484214,-0.007905741237490077
338,0.10721376320527624,0.7885502730577592,0.6053507377739249,-0.015625623714315
339,0.11617475499415215,0.7819564310422198,0.6119645826440931,-0.02338623191117889
340,0.12507552072039516,0.7751892659961657,0.6184376926648284,-0.031185514141199466
341,0.1339136305022277,0.7682501758261673,0.6247688667413451,-0.03902140514527985
342,0.1426866728717002,0.7611405994899804,0.6309569381417611,-0.04689182661841468
343,0.15139225539512513,0.7538620166628557,0.6370007747522041,-0.05479468773960759
344,0.16002800528850308,0.7464159473938343,0.6428992793233608,-0.06272788570525038
345,0.16859157002780054,0.738803951752121,0.6486513897084208,-0.07068930626583869
346,0.1770806179539105,0.7310276294636144,0.6542560790923565,-0.07867682426588926
347,0.18549283887216123,0.7230886195376882,0.65971235621248,-0.08668830418692103
348,0.19382594464619857,0.7149885998843128,0.6650192655702293,-0.0947216006933572
349,0.20207766978611857,0.7067292869216026,0.6701758876341354,-0.10277455918122565
350,0.21024577203067593,0.6983124351739012,0.6751813390339172,-0.11084501632950192
351,0.21832803292344308,0.6897398368604892,0.6800347727456669,-0.11893080065397202
352,0.2263222583827596,0.6810133214750147,0.6847353782680737,-0.1270297330634617
353,0.23422627926533698,0.6721347553557601,0.689282381789649,-0.13513962741830154
354,0.24203795192337133,0.6631060412468424,0.6936750463469192,-0.14325829109088406
355,0.24975515875502707,0.6539291178504487,0.6979126719735415,-0.15138352552816844
356,0.25737580874814964,0.6446059593702326,0.7019945958403107,-0.15951312681599678
357,0.2648978380170739,0.6351385750459678,0.7059201923860324,-0.16764488624507512
358,0.2723192103323865,0.6255290086795793,0.7096888734392202,-0.17577659087847655
359,0.2796379176435187,0.6157793381526664,0.7133000883305989,-0.18390602412052826
360,0.28685198059402517,0.6058916749356414,0.7167533239963907,-0.1920309662869314
361,0.2939594490294312,0.5958681635885943,0.7200481050723481,-0.20014919517597538
362,0.3009584024975095,0.585710981254011,0.723183993978528,-0.20825848664070076
363,0.3078469507408701,0.5754223371414737,0.7261605909947828,-0.21635661516186738
364,0.31462323418173077,0.5650044720044586,0.7289775343269492,-0.2244413544215791
365,0.3212854243987509,0.5544596576093715,0.7316345001637254,-0.2325104778774244
366,0.32783172459580895,0.5437901961969417,0.7341312027242282,-0.24056175933698942
367,0.33426037006259757,0.5329984199361131,0.736467394296209,-0.24859297353258866
368,0.34056962862693624,0.522086690370556,0.7386428652649406,-0.25660189669608385
369,0.3467578010986649,0.5110573978579589,0.7406574441327527,-0.2645863071336255
370,0.3528232217050298,0.4999129610021993,0.7425109975292219,-0.2725439858001945
371,0.3587642585174359,0.48865582607857583,0.7442034302120225,-0.2804727168737789
372,0.3645793138694634,0.47728846645220785,0.7457346850584263,-0.28837028832905154
373,0.37026682476604467,0.4658133819897716,0.7471047430474713,-0.2962344925103994
374,0.37582526328369703,0.45423309846468973,0.7483136232327954,-0.304063126704165
375,0.3812531369617099,0.44255016695595206,0.7493613827061496,-0.31185399370994493
376,0.3865489891841861,0.43076716324068753,0.7502481165516055,-0.3196049024108099
377,0.3917113995528472,0.4188866871806533,0.7509739577904639,-0.32731366834230025
378,0.39673898425050436,0.4069113621027809,0.751539077316887,-0.33497811426005103
379,0.401630396395096,0.3948438341739482,0.7519436838242699,-0.34259607070589726
380,0.40638432638422584,0.38268677177010024,0.7521880237223759,-0.35016537657233465
381,0.4109995022300821,0.3704428648399164,0.7522723810452534,-0.3576838796651674
382,0.41547468988468617,0.3581148242631328,0.7521970773499658,-0.3651494372642238
383,0.41980869355536193,0.3457053812037251,0.7519624716061616,-0.37255991668197525
384,0.4240003560103658,0.3332172864580681,0.7515689600765068,-0.3799131958199435
385,0.428048558874588,0.32065330979826095,0.7510169761880273,-0.3872071637227297
386,0.43195222291525553,0.3080162393107735,0.7503069903943808,-0.3944397211295346
387,0.43571030831756774,0.2953088807305572,0.7494395100291035,-0.40160878102304165
388,0.4393218149501875,0.2825340567708233,0.7484150791498725,-0.40871226917549774
389,0.44278578262052887,0.26969460644860593,0.7472342783738176,-0.41574812469188394
390,0.44610129131977244,0.2567933844063145,0.7458977247039297,-0.4227143005500086
391,0.4492674614575468,0.24383326022942503,0.7444060713466205,-0.4296087641374079
392,0.45228345408622,0.23081711776047636,0.7427600075204644,-0.4364294977849047
393,0.45514847111474155,0.21774785440954514,0.7409602582561851,-0.4431744992966994
394,0.4578617555119824,0.2046283804613759,0.7390075841879401,-0.4498417824768447
395,0.46042259149952236,0.1914616183793124,0.7369027813359482,-0.45642937765198893
396,0.4628303047338337,0.17825050210623852,0.7346466808805278,-0.46293533219023664
397,0.4650842624778207,0.16499797636266067,0.7322401489275923,-0.46935771101600754
398,0.4671838737616649,0.1517069959421401,0.7296840862656795,-0.4756945971207538
399,0.46912858953294156,0.13838052500421874,0.7269794281145624,-0.4819440920694157
400,0.4709179027959647,0.125021536365035,0.7241271438655157,-0.488104316502473
401,0.47255134874033333,0.11163301078579158,0.7211282368133044,-0.4941734106334803
402,0.47402850485863307,0.09821793625925063,0.7179837438799571,-0.5001495347419432
403,0.4753489910532816,0.08477930729444588,0.7146947353304096,-0.5060308696614242
404,0.4765124697324745,0.0713201241997583,0.7112623144800709,-0.5118156172627417
405,0.47751864589521786,0.05784339236456815,0.7076876173944103,-0.517502000932151
406,0.47836726720542044,0.044352121539631695,0.7039718125806211,-0.5230882660443712
407,0.47905812405503373,0.030849325116377557,0.7001161006714612,-0.5285726804303494
408,0.479591049616215,0.01733801940528157,0.6961217141013301,-0.5339535348396388
409,0.4799659198825073,0.0038212229135206055,0.6919899167746829,-0.539229143397268
410,0.48018265369902413,-0.00969804437793631,0.6877220037268562,-0.5443978440549927
411,0.48024121278163057,-0.0232167617376135,0.6833193007774012,-0.5494579990368058
412,0.4801416017251169,-0.03673190840700358,0.6787831641759993,-0.554407995278601
413,0.47988386800036265,-0.05024046432408047,0.6741149802410636,-0.5592462448618686
414,0.47946810194049116,-0.06373941084664392,0.6693161649911165,-0.5639711854413217
415,0.47889443671602083,-0.07722573147533135,0.6643881637690274,-0.5685812806663313
416,0.4781630482990157,-0.09069641257611383,0.6593324508592199,-0.5730750205960745
417,0.47727415541624785,-0.10414844410211127,0.6541505290979379,-0.5774509221082815
418,0.47622801949138066,-0.11757882031453165,0.6488439294766715,-0.5817075293014806
419,0.4750249445761915,-0.13098454050256292,0.6434142107388404,-0.5858434138906351
420,0.47366527727084773,-0.14436260970204495,0.6378629589698522,-0.5898571755960679
421,0.47214940663325733,-0.15771003941274936,0.6321917871806135,-0.5937474425255869
422,0.47047776407751735,-0.1710238483140668,0.6264023348846247,-0.5975128715496913
423,0.46865082326148777,-0.18430106297895826,0.6204962676687552,-0.6011521486697862
424,0.4666690999635147,-0.19753871858596367,0.6144752767578067,-0.6046639893792878
425,0.4645331519483411,-0.21073385962912333,0.6083410785729737,-0.6080471390175466
426,0.4622435788222283,-0.22388354062560717,0.6020954142843248,-0.6113003731164803
427,0.4598010218773403,-0.2369848268208985,0.5957400493574034,-0.614422497739838
428,0.457206163925413,-0.2500347948913525,0.5892767730940718,-0.6174123498150045
429,0.45445972912076527,-0.2630305336439557,0.582707398167715,-0.6202687974572553
430,0.4515624827726852,-0.27596914471311224,0.5760337601529111,-0.6229907402863868
431,0.44851523114725067,-0.2888477432542951,0.5692577170497083,-0.6255771097356284
432,0.44531882125862077,-0.3016634586343713,0.5623811488026087,-0.628026869352768
433,0.4419741406498633,-0.31441343511846515,0.5554059568143839,-0.6303390150934025
434,0.43848211716336405,-0.32709483255314675,0.5483340634548611,-0.6325125756062429
435,0.434843718700885,-0.3397048270458216,0.5411674115647834,-0.6345466125104027
436,0.4310599529733236,-0.3522406116401159,0.5339079639548844,-0.6364402206645827
437,0.42713186724024343,-0.36469939698712617,0.5265577029002928,-0.6381925284281045
438,0.42306054803923354,-0.3770784120123374,0.5191186296304022,-0.6398026979137008
439,0.41884712090517684,-0.3893749045780656,0.5115927638143359,-0.6412699252320161
440,0.4144927500794878,-0.4015861421412552,0.5039821430421251,-0.6425934407277383
441,0.40999863820939864,-0.4137094124064671,0.49628882230174926,-0.6437725092073099
442,0.4053660260373666,-0.4257420239739055,0.48851487345215244,-0.6448064301581549
443,0.4005961920806843,-0.4376813069823116,0.4806623846923785,-0.6456945379593562
444,0.3956904523013716,-0.4495246137465786,0.4727334600269641,-0.6464362020837482
445,0.390650159766435,-0.4612693193899186,0.4647302187277068,-0.6470308272913421
446,0.3854767042985762,-0.4729128224704403,0.45665479479196236,-0.6474778538140595
447,0.38017151211744116,-0.4844525456019756,0.44850933639759516,-0.6477767575317077
448,0.37473604547149975,-0.4958859360689951,0.4402960053547253,-0.6479270501391569
449,0.3691718022606537,-0.5072104664354755,0.4320169765544127,-0.6479282793046712
450,0.3634803156496529,-0.5184236351475668,0.42367443741440003,-0.6477800288193536
451,0.357663153672439,-0.5295229671298985,0.41527058732208433,-0.6474819187376624
452,0.3517219188275005,-0.5405060143753928,0.40680763707482576,-0.6470336055089607
453,0.34565824766434705,-0.551370356528435,0.39828780831775595,-0.6464347821000647
454,0.3394738103612067,-0.562113601461256,0.3897133329792154,-0.6456851781087516
455,0.3331703102940571,-0.5727333858433834,0.38108645270397146,-0.6447845598682087
456,0.32674948359708633,-0.5832273757040354,0.37240941828434215,-0.6437327305423727
457,0.32021309871472003,-0.5935932669872909,0.3636844890894027,-0.6425295302121543
458,0.31356295594528927,-0.6038287860999384,0.354913932492369,-0.6411748359525111
459,0.30680088697650143,-0.6139316904518308,0.34610002329634953,-0.6396685619003455
460,0.29992875441278305,-0.623899768988642,0.337245043158577,-0.6380106593132165
461,0.2929484512946613,-0.6337308427168741,0.32835128001328906,-0.6362011166188368
462,0.2858619006102614,-0.643422765221008,0.31942102749337387,-0.6342399594553453
463,0.27867105479907744,-0.6529734231726454,0.3104565843509552,-0.6321272507023445
464,0.27137789524812483,-0.6623807368315406,0.3014602538770443,-0.6298630905026827
465,0.2639844317806024,-0.671642660538385,0.29243434332040685,-0.6274476162749795
466,0.25649270213720465,-0.6807571831992214,0.28338116330580304,-0.624881002716891
467,0.24890477145019668,-0.6897223287613892,0.27430302725171846,-0.6221634617990952
468,0.24122273171040298,-0.6985361566808598,0.2652022507877689,-0.6192952427500191
469,0.23344870122723377,-0.7071967623808606,0.256081151171894,-0.6162766320312855
470,0.22558482408189157,-0.7157022777016702,0.24694204670750153,-0.6131079533038972
471,0.2176332695738855,-0.724050871341488,0.23778725616070276,-0.6097895673851568
472,0.20959623166101043,-0.7322407492882475,0.22861909817778941,-0.606321872196331
473,0.20147592839291484,-0.7402701552422832,0.2194398907030937,-0.6027053027010743
474,0.1932746013384159,-0.7481373710297479,0.2102519503973762,-0.5989403308346111
475,0.18499451500669153,-0.7558407170066731,0.2010575920568947,-0.595027465423707
476,0.17663795626250778,-0.763378552453578,0.19185912803328714,-0.5909672520974332
477,0.168207233735624,-0.7707492759605266,0.18265886765442851,-0.5867602731887489
478,0.15970467722452908,-0.7779513258025417,0.1734591166463955,-0.5824071476269238
479,0.15113263709464736,-0.7849831803052872,0.16426217655668165,-0.5779085308208176
480,0.1424934836711861,-0.7918433582009252,0.1550703441788226,-0.5732651145330513
481,0.13378960662675732,-0.7985304189740569,0.14588591097855463,-0.5684776267450918
482,0.12502341436395162,-0.8050429631976711,0.136711162521673,-0.5635468315132869
483,0.1161973333929884,-0.8113796328590238,0.1275483779037031,-0.5584735288158685
484,0.10731380770463678,-0.817539111675346,0.11839982918155689,-0.5532585543909792
485,0.0983752981385338,-0.8235201253993301,0.10926778080730315,-0.5479027795657486
486,0.08938428174708618,-0.8293214421143016,0.10015448906418654,-0.5424071110764542
487,0.08034325115508921,-0.8349418725190154,0.0910622015050485,-0.5367724908798177
488,0.07125471391524926,-0.8403802702020051,0.08199315639328318,-0.5309998959554775
489,0.06212119185975955,-0.8456355319054087,0.07294958214646902,-0.5250903380996793
490,0.052945220448092765,-0.8507065977782265,0.06393369678281474,-0.519044863710239
491,0.043729348111189725,-0.8555924516189293,0.054947707370564446,-0.5128645535628287
492,0.03447613559218405,-0.8602921211073732,0.045993809480479944,-0.5065505225786263
493,0.025188155283848556,-0.8648046780259584,0.037074186641560855,-0.5001039195834025
494,0.015867990562942746,-0.8691292384699753,0.028191009800126687,-0.49352592705808696
495,0.0065182351215910365,-0.8732649630470997,0.01934643678238803,-0.4868177608808787
496,-0.0028585077041036414,-0.8772110570659722,0.010542611760656578,-0.4799806700609615
497,-0.012259625608055536,-0.880966770713831,0.0017816647233128806,-0.47301593646388834
498,-0.021682497990629684,-0.8845313992231482,-0.006934289051324897,-0.46592487452869286
499,-0.031124496637337726,-0.8879042830272313,-0.015603149517105234,-0.4587088309768164
