,0,1,2,3
0,-0.6751618335115102,0.0,-0.7376696405365859,0.0
1,-0.6808649407149336,0.010829034018312617,-0.7322946972821612,0.007081021106321432
2,-0.6863973622523376,0.02169264058967866,-0.726765814968485,0.014125885121795745
3,-0.6917580648418904,0.032588108282158475,-0.7210840518277539,0.021132560764430073
4,-0.6969460581309549,0.04351271442929302,-0.7152505017747289,0.02809902933763346
5,-0.7019603949129192,0.05446372581049008,-0.7092662941619753,0.03502328525819002
6,-0.7068001713332479,0.06543839933433537,-0.7031325935264678,0.04190333658068595
7,-0.7114645270847028,0.07643398272465757,-0.6968505993276163,0.04873720551825738
8,-0.7159526455916865,0.08744771520917537,-0.6904215456767808,0.05552292895952678
9,-0.720263754183669,0.09847682821055545,-0.6838467010583372,0.06225855898159683
10,-0.7243971242576528,0.10951854603970768,-0.6771273680423617,0.06894216335897174
11,-0.7283520714296403,0.12057008659114388,-0.6702648829890033,0.07557182606827653
12,-0.7321279556750692,0.13162866204022775,-0.6632606157446159,0.08214564778864641
13,-0.7357241814581815,0.14269147954213962,-0.6561159693297222,0.08866174639765972
14,-0.7391401978502975,0.15375574193238278,-0.6488323796188871,0.0951182574626878
15,-0.7423754986369684,0.1648186484286548,-0.641411315012574,0.10151333472753768
16,-0.7454296224139829,0.17587739533390934,-0.6338542761010667,0.10784515059426449
17,-0.7483021526722057,0.18692917674043158,-0.6261627953205392,0.11411189660003042
18,-0.7509927178712316,0.1979711852347516,-0.6183384366013498,0.12031178388889023
19,-0.7535009915018356,0.2090006126032189,-0.6103827950086537,0.12644304367838324
20,-0.7558266921372112,0.2200146505380613,-0.6022974963754154,0.13250392772081346
21,-0.7579695834729824,0.23101049134375182,-0.5940841969279094,0.13849270875910089
22,-0.7599294743559833,0.24198532864350658,-0.5857445829038049,0.14440768097708878
23,-0.761706218801803,0.2529363580857361,-0.5772803701629227,0.15024716044419228
24,-0.7632997160010908,0.26386077805027375,-0.568693303790759,0.15600948555427552
25,-0.764709910314624,0.2747557903542037,-0.5599851576948753,0.16169301745864684
26,-0.7659367912571431,0.2856186009571125,-0.5511577341942497,0.16729614049306116
27,-0.7669803934699608,0.29644642066558646,-0.5422128636016903,0.1728172625986223
28,-0.7678407966823522,0.3072364658367786,-0.5331524037994116,0.17825481573647775
29,-0.7685181256617417,0.31798595908086913,-0.5239782398078799,0.18360725629620164
30,-0.7690125501526992,0.32869212996224284,-0.5146922833480259,0.18887306549776106
31,-0.7693242848047644,0.33935221569920776,-0.5052964723969403,0.19405074978696615
32,-0.7694535890891213,0.34996346186207966,-0.495792770737151,0.1991388412243004
33,-0.7694007672041407,0.3605231230694562,-0.48618316749960044,0.20413589786703612
34,-0.769166167969827,0.3710284636825092,-0.4764696767004243,0.20904050414453607
35,-0.7687501847111872,0.3814767584971162,-0.4666543367716579,0.21385127122664635
36,-0.7681532551305609,0.39186529343366133,-0.45673921008596785,0.2185668373850883
37,-0.7673758611689453,0.4021913662243306,-0.44672638247554153,0.2231858683477565
38,-0.7664185288563472,0.4124522870977298,-0.4366179627452369,0.22770705764583404
39,-0.7652818281512097,0.42264537946065206,-0.42641608218012383,0.2321291269536369
40,-0.7639663727689492,0.4327679805768253,-0.4161228940475279,0.236450826421101
41,-0.7624728199996536,0.442817442242468,-0.4057405730937007,0.2406709349988277
42,-0.7608018705149847,0.45279113145848376,-0.39527131503524493,0.2447882607556065
43,-0.758954268164342,0.46268643109912655,-0.3847173360454056,0.24880164118833242
44,-0.7569307997603331,0.4725007405769675,-0.3740808722353686,0.25270994352424225
45,-0.754732294853615,0.48223147650399595,-0.36336417913067914,0.25651206501538965
46,-0.7523596254971598,0.49187607334869066,-0.35256953114291745,0.2602069332252889
47,-0.7498137060000081,0.5014319840888934,-0.3416992210367546,0.26379350630764975
48,-0.7470954926705733,0.5108966808603226,-0.3307555593925218,0.26727077327713794
49,-0.7442059835495654,0.5202676556005612,-0.3197408740644228,0.2706377542720873
50,-0.7411462181326005,0.5295424206883627,-0.30865750963452493,0.27389350080910285
51,-0.7379172770825706,0.5387185095781055,-0.2975078268626552,0.2770370960294845
52,-0.7345202819318462,0.5477934774292447,-0.2862942021323425,0.2800676549374138
53,-0.7309563947743877,0.5567649017305982,-0.27501902689294,0.2829843246298405
54,-0.7272268179478507,0.5656303829193089,-0.2636847070980597,0.2857862845180119
55,-0.7233327937057571,0.5743875449943316,-0.2522936626404608,0.28847274654058813
56,-0.7192756038798267,0.5830340361242864,-0.2408483267835297,0.2910429553682909
57,-0.7150565695325483,0.5915675292495253,-0.22935114558948788,0.29349618860003157
58,-0.7106770506000846,0.5999857226782648,-0.2178045773444679,0.2958317569504714
59,-0.7061384455255987,0.6082863406766275,-0.2062110919806011,0.2980490044289646
60,-0.7014421908830997,0.6164671340524496,-0.1945731704952557,0.30014730850983923
61,-0.6965897609919006,0.6245258807327037,-0.18289330436756546,0.3021260802939743
62,-0.6915826675217888,0.6324603863343938,-0.17117399497239594,0.30398476466162994
63,-0.6864224590890113,0.6402684847287765,-0.15941775299188793,0.30572284041649345
64,-0.6811107208431744,0.6479480385987648,-0.14762709782472455,0.3073398204209048
65,-0.6756490740451673,0.6554969399893803,-0.13580455699326283,0.30883525172222565
66,-0.6700391756362143,0.6629131108511045,-0.12395266554867956,0.31020871567032243
67,-0.6642827177981676,0.6701945035760015,-0.11207396547427267,0.3114598280261326
68,-0.6583814275051529,0.6773391015264727,-0.10017100508706617,0.3125882390612844
69,-0.6523370660666791,0.6843449195565062,-0.08824633843786361,0.31359363364874965
70,-0.6461514286623323,0.6912100045252979,-0.07630252470989812,0.3144757313445026
71,-0.639826343868171,0.6979324358031058,-0.0643421276162276,0.3152342864601653
72,-0.6333636731749419,0.7045103257692145,-0.05236771479601521,0.3158690881266223
73,-0.626765310498241,0.7109418203018819,-0.040381857209852046,0.31637996034858634
74,-0.6200331816807438,0.7172250992601453,-0.028387128534265504,0.31676676205010407
75,-0.6131692439866293,0.7233583769573635,-0.016386104555559,0.31702938711098766
76,-0.6061754855883291,0.7293399026263759,-0.004381362563137259,0.31716776439416455
77,-0.5990539250457314,0.7351679608761605,0.007624519257542484,0.31718185776393754
78,-0.5918066107779696,0.7408408721398749,0.01962896243223472,0.317071666095153
79,-0.5844356205279335,0.7463569931141669,0.031629388805246794,0.31683722327326996
80,-0.5769430608196351,0.7517147171896409,0.043623221146702196,0.31647859818533575
81,-0.5693310664085703,0.7569124748723776,0.05560788375957876,0.3159958947018674
82,-0.5616017997252133,0.7619487341963894,0.06758080308637632,0.3153892516496426
83,-0.5537574503117848,0.7668220011269168,0.07953940831526013,0.31465884277541034
84,-0.54580023425244,0.7715308199544553,0.09148113198553609,0.3138048767005266
85,-0.5377323935970142,0.7760737736794201,0.10340341059230918,0.31282759686653044
86,-0.5295561957784822,0.7804494843873425,0.11530368519017498,0.3117272814716709
87,-0.5212739330242668,0.7846566136145088,0.1271794019957982,0.3105042433984034
88,-0.5128879217615556,0.7886938627039459,0.13902801298923234,0.30915883013187134
89,-0.5044005020167717,0.7925599731516628,0.15084697651382978,0.30769142366939756
90,-0.4958140368093491,0.7962537269430576,0.16263375787459866,0.306102440421004
91,-0.48713091153997323,0.7997739468794115,0.1743858299348603,0.3043923311009873
92,-0.4783535333734308,0.8031194968943741,0.1861006737110581,0.30256158061057903
93,-0.4694843306162336,0.8062892823603716,0.19777577896557635,0.30061070791171723
94,-0.4605257520891719,0.8092822503848494,0.20940864479742194,0.29854026589196275
95,-0.4514802664949518,0.8120973900962801,0.22099678023062497,0.29635084122059485
96,-0.44235036178108167,0.814733732919859,0.23253770480021368,0.29404305419592347
97,-0.433138544498165,0.8171903528428169,0.24402894913562323,0.2916175585838534
98,-0.4238473391537641,0.8194663666692849,0.25546805554139046,0.28907504144774604
99,-0.4144792875619967,0.8215609342646422,0.26685257857500017,0.28641622296961644
100,-0.40503694818903013,0.8234732587892831,0.2781800856217338,0.28364185626271754
101,-0.39552289549463665,0.8252025869217472,0.2894481574663853,0.28075272717555194
102,-0.3859397192699794,0.8267482090711495,0.3006543888617037,0.27774965408736607
103,-0.376290023971795,0.8281094595788607,0.31179638909342217,0.2746334876951763
104,-0.36657642805313684,0.8292857169093778,0.322871782541734,0.2714051107923831
105,-0.35680156329085433,0.8302764038303454,0.3338782092390844,0.26806543803902405
106,-0.3469680741099739,0.8310809875816686,0.34481332542413556,0.2646154157237316
107,-0.337078616905152,0.8316989800336841,0.3556748040917713,0.2610560215174498
108,-0.32713585935937356,0.8321299378343407,0.3664603355390098,0.25738826421897487
109,-0.3171424797600652,0.8323734625453514,0.3771676279066878,0.2536131834923834
110,-0.30710116631279705,0.8324292007672847,0.38779440771678575,0.24973184959641567
111,-0.29701461645274657,0.8322968442535554,0.3983384204052617,0.24574536310588224
112,-0.28688553615409523,0.8319761300132902,0.40879743085026554,0.24165485462516298
113,-0.2767166392375377,0.8314668404030358,0.41916922389560185,0.23746148449387358
114,-0.26651064667606894,0.8307688032072863,0.4294516048693173,0.23316644248477225
115,-0.2562702858992359,0.8298818917078081,0.4396424000972822,0.2287709474939838
116,-0.24599829009601687,0.8288060247417395,0.44973945741164484,0.2242762472236207
117,-0.23569739751651247,0.8275411667484516,0.45974064665403175,0.219683617856879
118,-0.2253703507726238,0.8260873278051566,0.4696438601733708,0.21499436372569364
119,-0.2150198961378863,0.8244445636512473,0.4794470133182186,0.2102098169710372
120,-0.2046487828466453,0.8226129757013666,0.48914804492347114,0.20533133719594707
121,-0.19425976239274437,0.8205927110471948,0.4987449177913349,0.20036031111136843
122,-0.18385558782790146,0.8183839624479567,0.5082356191664501,0.19529815217490737
123,-0.17343901305995435,0.8159869683096456,0.5176181612050405,0.19014630022257867
124,-0.1630127921511483,0.8134020126529669,0.5268905814379836,0.18490622109364735
125,-0.1525796786166444,0.8106294250700108,0.5360509432276802,0.17957940624865576
126,-0.1421424247234228,0.807669580669656,0.5450973362186227,0.17416737238073585
127,-0.1317037807897603,0.8045229000117222,0.5540278767815422,0.16867166102030193
128,-0.12126649448545421,0.8011898490298803,0.5628407084510324,0.16309383813322584
129,-0.11083331013297543,0.7976709389433405,0.5715340023565418,0.15743549371259888
130,-0.1004069680097173,0.7939667261573361,0.5801059576466294,0.1516982413641767
131,-0.08999020365152274,0.7900778121524261,0.5885548019063831,0.1458837178856226
132,-0.07958574715766249,0.7860048433626401,0.5968787915678925,0.13999358283964486
133,-0.06919632249743961,0.7817485110424987,0.6050762123136885,0.13402951812114694
134,-0.05882464681859051,0.7773095511229319,0.6131453794730368,0.1279932275184905
135,-0.048473429757665776,0.7726887440561356,0.6210846384110025,0.12188643626899154
136,-0.03814537275255045,0.7678869146494012,0.6288923649101819,0.11571089060875359
137,-0.027843168357311515,0.762904931887954,0.6365669655450154,0.1094683573169605
138,-0.017569499559532187,0.7577437087468467,0.6441068780485854,0.10316062325473896
139,-0.007327039100311239,0.7524042019919491,0.6515105716718138,0.09678949489870667
140,0.002881551202903593,0.7468874119700827,0.6587765475349722,0.0903567978693334
141,0.01305362113047795,0.7411943823883489,0.6659033389714162,0.08386437645422046
142,0.023186532731582027,0.7353262000827054,0.6728895118634659,0.07731409312643209
143,0.03327766099183496,0.7292839947758455,0.6797336649703455,0.07070782805799683
144,0.043324394497445934,0.7230689388244339,0.6864344302481071,0.06404747862869686
145,0.0533241360956736,0.7166822469557683,0.6929904731614599,0.05733495893028012
146,0.06327430355144895,0.7101251759939211,0.6994004929874302,0.0505721992662109
147,0.07317233019998726,0.7033990245754315,0.7056632231107766,0.04376114564709427
148,0.08301566559523213,0.6965051328546186,0.7117774313110907,0.036903759281895765
149,0.09280177615396548,0.6894448821985801,0.7177419200415187,0.030002016065090648
150,0.1025281457954238,0.6822196948719546,0.723555526699025,0.023057906059866795
151,0.11219227657625977,0.6748310337115261,0.7292171238861483,0.016073432977522006
152,0.12179168932068782,0.6672804017907413,0.7347256196641716,0.009050613653176498
153,0.1313239242456599,0.659569342074229,0.7400799577976589,0.0019914775179415423
154,0.1407865415809106,0.6516994370624017,0.7452791179902906,-0.0051019339323232216
155,0.15017712218371926,0.6436723084262248,0.7503221161119462,-0.012227567671533046
156,0.15949326814823328,0.6354896166322438,0.7552080044169784,-0.01938335968103863
157,0.1687326034091992,0.6271530605579598,0.7599358717536244,-0.02656723549029555
158,0.17789277433995454,0.6186643770976463,0.7645048437645096,-0.033777110720399656
159,0.18697145034452295,0.6100253407587057,0.7689140830781903,-0.04101089163035204
160,0.19596632444367432,0.6012377632486583,0.7731627894916943,-0.048266475665916936
161,0.20487511385479223,0.5923034930528712,0.777250200144014,-0.05554175201092884
162,0.2136955605654137,0.5832244150031233,0.7811755896805094,-0.06283460214091277
163,0.2224254319002899,0.574002449837117,0.7849382704081872,-0.07014290037887524
164,0.23106252108182984,0.5646395537490421,0.7885375924418148,-0.07746451445312477
165,0.23960464778378618,0.5551377179312977,0.7919729438408346,-0.08479730605697983
166,0.2480496586780436,0.5454989681074909,0.7952437507370544,-0.09213913141022423
167,0.25639542797437415,0.5357253640568217,0.798349477453071,-0.09948784182216419
168,0.2646398579530233,0.5258189991299704,0.8012896266114127,-0.10684128425614503
169,0.2727808794899954,0.5157819997566094,0.8040637392343665,-0.11419730189538721
170,0.2808164525749036,0.5056165249446521,0.8066713948344729,-0.12155373470998954
171,0.28874456682126004,0.49532476577137263,0.8091122114956639,-0.12890842002496794
172,0.29656324196907324,0.48490894486650993,0.811385845945028,-0.13625919308917217
173,0.3042705283796312,0.4743713158874904,0.8134919936151852,-0.1436038876449453
174,0.31186450752234407,0.46371416298689033,0.8154303886972636,-0.15094033649837685
175,0.31934329245352644,0.45293980027227915,0.8172008041844534,-0.1582663720900053
176,0.32670502828699793,0.4420505712585642,0.8188030519061472,-0.16557982706582486
177,0.33394789265638675,0.43104884831297635,0.820236982552645,-0.17287853484845106
178,0.3410700961690185,0.4199370320928372,0.8215024856904278,-0.18016033020830122
179,0.3480698828512787,0.40871755097623585,0.8225994897679956,-0.18742304983464225
180,0.35494553058533657,0.3973928604857615,0.8235279621122685,-0.19466453290636127
181,0.36169535153712273,0.38596544270543376,0.82428790891556,-0.20188262166231402
182,0.3683176925754519,0.3744378056909685,0.8248793752131174,-0.2090751619711073
183,0.37481093568218793,0.36281248287352863,0.8253024448512462,-0.21624000390016646
184,0.38117349835334846,0.3510920324571054,0.8255572404460241,-0.22337500228394802
185,0.3874038339910494,0.33927903680967486,0.8256439233326168,-0.2304780172911478
186,0.3935004322861898,0.3273761018482814,0.8255626935052089,-0.2375469149907645
187,0.39946181959178423,0.3153858564182047,0.825313789547572,-0.24457956791686955
188,0.4052865592868495,0.30331095166634847,0.8248974885542792,-0.2515738556319469
189,0.4109732521307531,0.2911540604090209,0.8243141060426011,-0.25852766528864934
190,0.4165205366079375,0.2789178764942516,0.8235639958550919,-0.2654388921898364
191,0.4219270892629331,0.2666051141588053,0.8226475500529027,-0.27230544034674825
192,0.4271916250255778,0.25421850738005025,0.8215651987998469,-0.27912522303516984
193,0.4323128975263611,0.24176080922284066,0.8203174102372464,-0.28589616334945267
194,0.43728969940181517,0.2292347911815731,0.8189046903495911,-0.29261619475423917
195,0.4421208625898769,0.21664324251758127,0.817327582821055,-0.2992832616337626
196,0.44680525861514897,0.20398896959202495,0.8155866688828908,-0.3058953198385743
197,0.45134179886398645,0.1912747951944475,0.8136825671517589,-0.312450337229561
198,0.4557294348493429,0.17850355786715916,0.8116159334590223,-0.3189462942191115
199,0.45996715846531033,0.16567811122561404,0.8093874606710547,-0.3253811843093001
200,0.46405400223128945,0.15280132327495183,0.8069978785006082,-0.331753014626941
201,0.46798903952573034,0.1398760757228666,0.8044479533092881,-0.3380598064553848
202,0.47177138480938385,0.1269052632889785,0.8017384879011886,-0.34429959576291563
203,0.47540019383801385,0.11389179301086694,0.798870321307735,-0.35047043372761844
204,0.4788746638645104,0.1008385835469559,0.7958443285637992,-0.3565703872585767
205,0.4821940338303612,0.08774856447639912,0.7926614204751323,-0.36259753951327506
206,0.48535758454643074,0.07462467559615377,0.7893225433771838,-0.36854999041106584
207,0.4883646388630005,0.06146986621541756,0.785828678885365,-0.3744258571425746
208,0.49121456182903656,0.04828709444758211,0.7821808436368178,-0.3802232746749127
209,0.493906760840635,0.03507932649990869,0.7783800890237613,-0.3859403962525637
210,0.4964406857786183,0.0218495359610687,0.7744275009184765,-0.39157539389382495
211,0.4988158291352438,0.008600703086752537,0.770324199390003,-0.3971264588826635
212,0.5010317261299947,-0.004664185916498809,0.7660713384126192,-0.40259180225587365
213,0.5030879548144273,-0.01794213960904867,0.7616701055661802,-0.4079696552854026
214,0.5049841361660463,-0.031230162037336417,0.7571217217283857,-0.41325826995572496
215,0.506719934171189,-0.044525253454287594,0.7524274407590621,-0.41845591943614013
216,0.5082950558968955,-0.05782441104078262,0.7475885491765326,-0.4235608985478773
217,0.5097092515517518,-0.07112462962800759,0.7426063658261607,-0.42857152422587985
218,0.5109623145356867,-0.08442290242051209,0.7374822415411482,-0.43348613597515906
219,0.5120540814787163,-0.09771622171978755,0.7322175587956776,-0.43830309632159287
220,0.5129844322686239,-0.11100157964820234,0.7268137313504812,-0.4430207912570604
221,0.5137532900675713,-0.12427596887309439,0.7212722038909285,-0.447637630678792
222,0.5143606213176384,-0.13753638333086446,0.7155944516577248,-0.4521520488228256
223,0.5148064357352887,-0.15077981895087506,0.7097819800703125,-0.456562504691456
224,0.5150907862947692,-0.16400327437898748,0.7038363243430673,-0.460867482474569
225,0.5152137692004409,-0.1772037517005493,0.6977590490943926,-0.465065491964749
226,0.515175523848057,-0.19037825716266424,0.6915517479488001,-0.4691550689660569
227,0.5149762327749955,-0.20352380189555408,0.6852160431320907,-0.47313477569636875
228,0.5146161215994584,-0.21663740263284773,0.6787535850597238,-0.47700320118317546
229,0.5140954589486588,-0.22971608243060904,0.6721660519184849,-0.4807589616527373
230,0.5134145563760104,-0.24275687138493418,0.665455149241557,-0.4844007009124984
231,0.512573768267345,-0.2557568073479324,0.658622609477103,-0.4879270907266557
232,0.5115734917361797,-0.26871293664192397,0.6516701915504616,-0.49133683118478994
233,0.5104141665080661,-0.28162231477167343,0.6445996804200724,-0.4946286510634632
234,0.509096274794045,-0.29448200713447714,0.6374128866272425,-0.49780130818068574
235,0.507620341153246,-0.30728908972794655,0.6301116458398605,-0.5008535897431647
236,0.5059869323446653,-0.32004064985529024,0.6226978183901782,-0.5037843126862437
237,0.5041966571681595,-0.3327337868279424,0.6151732888067757,-0.5065923240064404
238,0.5022501662946973,-0.34536561266534543,0.6075399653408227,-0.5092765010865035
239,0.5001481520859137,-0.3579332527917317,0.5997997794867598,-0.5118357520128998
240,0.497891348403013,-0.37043384672971424,0.5919546854975172,-0.514269015885647
241,0.49548053040506945,-0.38286454879053566,0.5840066598943892,-0.5165752631204183
242,0.49291651433677836,-0.39522252876078073,0.5759577009716984,-0.5187534957428335
243,0.49020015730571065,-0.40750497258541113,0.567809828296354,-0.5208027476748611
244,0.48733235704913147,-0.4197090830469243,0.559565082202451,-0.5227220850132622
245,0.48431405169043823,-0.43183208044049687,0.5512255232810211,-0.5245106062999947
246,0.48114621948528713,-0.44387120324492135,0.5427932318650711,-0.5261674427845121
247,0.4778298785574623,-0.4558237087891933,0.5342703075100295,-0.5276917586778895
248,0.4743660866245723,-0.46768687391455943,0.5256588684697444,-0.5290827513987046
249,0.4707559407136232,-0.4794579956318908,0.5169610511681481,-0.530339651810615
250,0.4670005768665623,-0.49113439177419355,0.508179009666732,-0.5314617244515641
251,0.4631011698358498,-0.5027134016441167,0.4993149151279569,-0.5324482677545581
252,0.45905893277014903,-0.5141923866562793,0.49037095527474084,-0.5332986142599563
253,0.45487511689020954,-0.5255687309742745,0.48134933384614914,-0.5340121308192143
254,0.45055101115502644,-0.5368398421421796,0.4722522700494343,-0.5345882187900319
255,0.4460879419183618,-0.5480031517104317,0.46308199800854893,-0.5350263142228465
256,0.4414872725757185,-0.5590561158558901,0.45384076620928465,-0.53532588803863
257,0.4367504032018507,-0.5699962159959644,0.4445308369411598,-0.5354864461979357
258,0.43187877017890824,-0.5808209593966298,0.43515448573620497,-0.5355075298611507
259,0.42687384581531135,-0.5915278797741889,0.4257140008047882,-0.5353887155399141
260,0.42173713795544354,-0.6021145378906412,0.4162116824686081,-0.5351296152396551
261,0.41647018958027576,-0.6125785221424926,0.4066498425910103,-0.5347298765932149
262,0.4110745783990109,-0.6229174491428824,0.39703080400475904,-0.5341891829855169
263,0.4055519164318621,-0.6331289642968634,0.3873568999374142,-0.5335072536692458
264,0.3999038495840637,-0.6432107423697105,0.3776304734344467,-0.53268384387151
265,0.3941320572112311,-0.6531604880481054,0.36785387678025133,-0.5317187448914537
266,0.3882382516761719,-0.6629759364940653,0.3580294709171802,-0.5306117841887895
267,0.38222417789726826,-0.672654853891474,0.34815962486276497,-0.5293628254632322
268,0.3760916128885393,-0.6821950379850896,0.3382467151252512,-0.5279717687248029
269,0.36984236529150954,-0.6915943186118814,0.3282931251176082,-0.52643855035499
270,0.363478274898988,-0.7008505582245824,0.318301244570143,-0.5247631431587446
271,0.3570012121708947,-0.7099616524073096,0.308273468941883,-0.5229455564072919
272,0.35041307774224856,-0.7189255303831417,0.29821219883085637,-0.5209858358717528
273,0.34371580192344314,-0.727740155513517,0.2881198393834292,-0.5188840638475553
274,0.3369113441929382,-0.7364035257893347,0.27799879970283914,-0.5166403591696306
275,0.3300016926824979,-0.7449136743136366,0.26785149225707516,-0.51425487721839
276,0.3229888636551013,-0.75326866977575,0.25768033228625087,-0.5117278099164689
277,0.31587490097566395,-0.7614666169167726,0.24748773720961867,-0.5090593857162466
278,0.30866187557469904,-0.7695056569862919,0.23727612603236672,-0.5062498695781328
279,0.30135188490506465,-0.777383968190214,0.2270479187523609,-0.5032995629396301
280,0.29394705239191526,-0.785099766129608,0.2168055357669523,-0.5002088036751694
281,0.2864495268760244,-0.7926513042304393,0.20655139728003402,-0.49697796604673655
282,0.27886148205059363,-0.8000368741641026,0.19628792270945317,-0.4936074606452845
283,0.2711851158917101,-0.8072548062586392,0.18601753009496386,-0.4900977343229574
284,0.26342265008258847,-0.81430346990054,0.17574263550684205,-0.4864492701161301
285,0.2555763294317405,-0.8211812739270438,0.16546565245531392,-0.4826625871592842
286,0.24764842128523062,-0.8278866670088163,0.15518899130095776,-0.4787382405897377
287,0.2396412149331551,-0.8344181380229381,0.14491505866620213,-0.47467682144324835
288,0.2315570210105069,-0.8407742164160856,0.13464625684809534,-0.4704789565405174
289,0.22339817089256397,-0.8469534725578376,0.12438498323245706,-0.4661453083646108
290,0.21516701608497157,-0.8529545180840052,0.11413362970959207,-0.46167657492933944
291,0.20686592760865763,-0.8587760062299064,0.1038945820916845,-0.45707348963860955
292,0.19849729537974994,-0.8644166321535025,0.09367021953203214,-0.4523368211367959
293,0.1900635275846413,-0.8698751332483203,0.08346291394625494,-0.44746737315015434
294,0.1815670500503725,-0.8751502894460728,0.07327502943563213,-0.44246598431932405
295,0.17301030561048183,-0.8802409235089167,0.06310892171269439,-0.437333528022948
296,0.16439575346649182,-0.8851459013112668,0.052966937529232594,-0.43207091219245924
297,0.1557258685451893,-0.8898641321110994,0.04285141410684684,-0.4266790791180768
298,0.14700314085185998,-0.8943945688106782,0.0327646785701895,-0.4211590052460498
299,0.13823007481965316,-0.8987362082066401,0.022709047383034642,-0.4155117009672046
300,0.1294091886552252,-0.9028880912293773,0.012686825787318112,-0.4097382103968457
301,0.12054301368084112,-0.9068493031716603,0.002700307245280309,-0.4038396111460541
302,0.11163409367309554,-0.9106189739064354,-0.007248227115138339,-0.39781701408444603
303,0.10268498419841884,-0.9141962780937638,-0.017156509051529933,-0.39167156309444434
304,0.09369825194554399,-0.9175804353768245,-0.02702228375472515,-0.38540443481712305
305,0.08467647405509621,-0.9207707105669579,-0.03684331039285116,-0.3790168383896836
306,0.07562223744647956,-0.9237664138176896,-0.04661736265159977,-0.3725100151746298
307,0.06653813814223014,-0.926566900787693,-0.05634222927057625,-0.3658852384806977
308,0.05742678059000725,-0.9291715727926608,-0.06601571457559441,-0.359143813275621
309,0.048290776982394285,-0.9315798769460357,-0.07563563900678816,-0.3522870758907855
310,0.039132746574683075,-0.9337913062885743,-0.08519983964240863,-0.34531639371785844
311,0.02995531500081358,-0.9358053999067076,-0.09470617071817622,-0.33823316489745436
312,0.02076111358764257,-0.9376217430396738,-0.1041525041420629,-0.3310388179999173
313,0.011552778667716146,-0.9392399671753929,-0.11353673000437714,-0.3237348116983005
314,0.0023329508907173058,-0.9406597501350653,-0.12285675708302468,-0.3163226344336124
315,-0.006895725466228103,-0.9418808161464638,-0.1321105133438174,-0.30880380407242153
316,-0.01613060318922746,-0.9429029359059169,-0.14129594643571858,-0.3011798675568948
317,-0.025369032819083676,-0.9437259266289517,-0.15041102418088637,-0.2934524005473585
318,-0.03460836334339415,-0.944349652089598,-0.159453735059416,-0.2856230070574643
319,-0.04384594288907906,-0.9447740226483343,-0.1684220886886334,-0.2776933190820588
320,-0.053079119415196524,-0.944998995268677,-0.17731411629685406,-0.26966499621783224
321,-0.062305241405840955,-0.9450245735224042,-0.1861278711914658,-0.26153972527685193
322,-0.07152165856297013,-0.9448508075834128,-0.19486142922123556,-0.25331921989306666
323,-0.08072572249896634,-0.9444777942102186,-0.2035128892327157,-0.24500522012188336
324,-0.08991478742877416,-0.9439056767170911,-0.21208037352065057,-0.23659949203290803
325,-0.09908621086142394,-0.9431346449338448,-0.22056202827226024,-0.2281038272959536
326,-0.10823735429077559,-0.9421649351542866,-0.22895602400530168,-0.21952004276041723
327,-0.11736558388530216,-0.9409968300733375,-0.237260555999795,-0.21084998002812563
328,-0.12646827117673992,-0.9396306587128432,-0.24547384472331246,-0.20209550501975532
329,-0.1355427937474305,-0.9380667963360966,-0.25359413624972155,-0.1932585075349365
330,-0.14458653591618098,-0.936305664351085,-0.26161970267128987,-0.18434090080613827
331,-0.1535968894224629,-0.9343477302024941,-0.26954884250403305,-0.1753446210464607
332,-0.1625712541087875,-0.9321935072524961,-0.27737988108622885,-0.16627162699142684
333,-0.17150703860107047,-0.9298435546503443,-0.28511117096998245,-0.15712389943489907
334,-0.18040166098682453,-0.9272984771908174,-0.2927410923057558,-0.1479034407592303
335,-0.18925254949100143,-0.9245589251615385,-0.300268053219768,-0.13861227445975982
336,-0.1980571431493136,-0.9216255941792169,-0.3076904901841665,-0.12925244466378422
337,-0.2068128924788673,-0.9184992250148478,-0.3150068683798946,-0.11982601564409939
338,-0.2155172601459279,-0.9151806034079131,-0.3222156820521456,-0.11033507132726014
339,-0.2241677216306618,-0.9116705598696322,-0.3293154548583402,-0.10078171479665247
340,-0.2327617658886731,-0.9079699694753163,-0.3363047402085231,-0.09116806779052058
341,-0.24129689600917623,-0.9040797516458665,-0.34318212159811046,-0.0814962701950552
342,-0.2497706298696271,-0.9000008699184792,-0.3499462129328972,-0.07176847953268745
343,-0.25818050078666266,-0.8957343317066184,-0.35659565884625544,-0.0619868704456904
344,-0.2665240581631639,-0.8912811880493039,-0.3631291350084359,-0.052153634175237495
345,-0.27479886813129534,-0.8866425333497898,-0.36954534842790737,-0.042270978036032913
346,-0.2830025141913428,-0.8818195051036875,-0.37584303774465844,-0.03234112488664598
347,-0.29113259784620443,-0.8768132836166129,-0.38202097351538844,-0.022366312595679144
348,-0.29918673923135125,-0.8716250917114192,-0.38807795849051924,-0.01234879350391091
349,-0.30716257774012123,-0.8662561944250873,-0.394012827882967,-0.002290833882526433
350,-0.3150577726441667,-0.8607078986953591,-0.39982444962860125,0.0078052866124087295
351,-0.3228700037089146,-0.8549815530371844,-0.40551172463833574,0.017937275489115168
352,-0.3305969718038695,-0.849078547209058,-0.4110735870417862,0.028102827972758676
353,-0.33823639950761325,-0.8430003118693421,-0.41650900442243793,0.038299627561471886
354,-0.34578603170734445,-0.8367483182226514,-0.4218169780442695,0.04852534658560033
355,-0.3532436361928031,-0.8303240776563839,-0.4269965430697765,0.0587776467700324
356,-0.3606070042444322,-0.8237291413675051,-0.4320467687693424,0.06905417979947755
357,-0.3678739512156275,-0.8169650999796596,-0.43696675872191193,0.07935258788655292
358,-0.37504231710892083,-0.8100335831507155,-0.44175565100691216,0.08967050434253147
359,-0.3821099671459612,-0.8029362591708378,-0.4464126183873834,0.10000555415062429
360,-0.3890747923311372,-0.7956748345511918,-0.45093686848427483,0.11035535454164104
361,-0.3959347100087049,-0.788251053603374,-0.45532764394185843,0.1207175155718926
362,-0.40268766441327614,-0.7806666980096788,-0.45958422258423137,0.13108964070319623
363,-0.4093316272135293,-0.7729235863843108,-0.4637059175628682,0.14146932738483492
364,-0.4158645980489992,-0.765023573825643,-0.46769207749518316,0.15185416763732695
365,-0.42228460505981513,-0.7569685514596419,-0.4715420865940763,0.16224174863786292
366,-0.4285897054092513,-0.7487604459745666,-0.4752553647884379,0.17262965330726943
367,-0.4347779857989481,-0.7404012191470599,-0.47883136783456903,0.18301546089834228
368,-0.4408475629766892,-0.7318928673597455,-0.48226958741851444,0.19339674758542075
369,-0.44679658423658475,-0.723237421110465,-0.4855695512492656,0.2037710870550359
370,-0.45262322791155174,-0.7144369445132501,-0.48873082314282473,0.21413605109751038
371,-0.45832570385795407,-0.7054935347911839,-0.4917530030971117,0.22448921019934137
372,-0.4639022539322824,-0.6964093217612555,-0.4946357273576899,0.234828134136234
373,-0.4693511524597522,-0.6871864673113499,-0.49737866847430856,0.2451503925666312
374,-0.47467070669470124,-0.6778271648694866,-0.4999815353482413,0.25545355562560096
375,-0.4798592572726668,-0.6683336388654612,-0.5024440732704167,0.2657351945189198
376,-0.4849151786540266,-0.6587081441850026,-0.5047660639503352,0.27599288211721934
377,-0.4898368795590937,-0.6489529656165948,-0.5069473255357642,0.28622419355004225
378,-0.49462280339455356,-0.6390704172910917,-0.5089877126232131,0.296426706799661
379,-0.49927142867112373,-0.6290628421142761,-0.5108871162591865,0.3065980032945046
380,-0.503781269412352,-0.618932611192484,-0.5126454639322197,0.3167356685020683
381,-0.5081508755544201,-0.6086821232514631,-0.5142627195557015,0.3268372925211278
382,-0.5123788333368762,-0.5983138040485798,-0.51573888344149,0.3369004706731423
383,-0.5164637656841758,-0.5878301057785522,-0.5170739922643354,0.34692280409266696
384,-0.5204043325779504,-0.5772335064728267,-0.5182681190171122,0.3569019003166658
385,-0.5241992314198929,-0.5665265093927673,-0.5193213729568912,0.36683537387254483
386,-0.5278471973851768,-0.5557116424168062,-0.5202338995418488,0.3767208468647734
387,-0.531347003766317,-0.5447914574216892,-0.5210058803590499,0.3865559495599582
388,-0.5346974623073799,-0.5337685296580048,-0.5216375330431124,0.396338320970198
389,-0.5378974235284593,-0.5226454571201079,-0.5221291111857861,0.40606560943460934
390,-0.5409457770403374,-0.5114248599106326,-0.5224809042364623,0.4157354731988412
391,-0.5438414518492425,-0.500109379599733,-0.522693237393657,0.42534558099246383
392,-0.5465834166516323,-0.4887016785792103,-0.5227664714874791,0.43489361260407244
393,-0.5491706801189246,-0.4772044394116919,-0.5227010028531297,0.4443772594539721
394,-0.5516022911720975,-0.46562036417502806,-0.5224972631954654,0.4537942251642868
395,-0.5538773392460955,-0.4539521738020489,-0.5221557194446567,0.4631422261263733
396,-0.5559949545439659,-0.4422026074158768,-0.5216768736029882,0.4724189920653752
397,-0.5579543082806664,-0.4303744216609256,-0.5210612625828346,0.4816222666017938
398,-0.5597546129164741,-0.4184703900297809,-0.5203094580358636,0.4907498078099235
399,-0.5613951223799413,-0.40649330218610535,-0.5194220661735076,0.4997993887730263
400,-0.562875132280333,-0.39444596328375514,-0.5183997275787502,0.5087687981350909
401,-0.5641939801095024,-0.38233119328226306,-0.5172431170092838,0.5176558406490548
402,-0.5653510454331336,-0.3701518262588635,-0.5159529431920843,0.5264583377213398
403,-0.5663457500713234,-0.3579107097172367,-0.5145299486094634,0.535174127952573
404,-0.5671775582684343,-0.34561070389312176,-0.5129749092766495,0.5438010676743577
405,-0.5678459768521898,-0.33325468105699785,-0.5112886345109605,0.5523370314819561
406,-0.5683505553819579,-0.32084552481398765,-0.5094719666926266,0.5607799127627564
407,-0.5686908862861949,-0.30838612940116633,-0.5075257810173295,0.5691276242203844
408,-0.5688666049890027,-0.2958793989824362,-0.5054509852405168,0.5773780983943444
409,-0.5688773900257706,-0.283328246941163,-0.503248519413567,0.5855292881750387
410,-0.5687229631478745,-0.270735595170729,-0.5009193556118652,0.5935791673140545
411,-0.568403089416395,-0.25810437336318953,-0.4984644976548725,0.6015257309295825
412,-0.5679175772848387,-0.2454375182962119,-0.49588498081824767,0.609366996006841
413,-0.5672662786708363,-0.23273797311845662,-0.4931818715381085,0.6171010018933867
414,-0.5664490890167933,-0.22000868663359546,-0.490356267107505,0.6247258107891801
415,-0.5654659473394839,-0.20725261258313804,-0.4874092953651822,0.6322395082312875
416,-0.5643168362685693,-0.1944727089282443,-0.4843421143767167,0.6396402035730984
417,-0.563001782074027,-0.18167193713069174,-0.48115591210810893,0.6469260304579387
418,-0.5615208546824845,-0.16885326143318952,-0.4778519060919155,0.6540951472869603
419,-0.5598741676824549,-0.15601964813921348,-0.47443134308600377,0.6611457376811904
420,-0.5580618783184631,-0.14317406489253565,-0.47089549872503134,0.6680760109376181
421,-0.5560841874740682,-0.1303194799566214,-0.4672456771647224,0.6748842024792268
422,-0.5539413396437817,-0.11745886149409279,-0.46348321071904425,0.681568574298823
423,-0.5516336228938896,-0.10459517684641428,-0.45960945949037946,0.6881274153965897
424,-0.5491613688121804,-0.09173139181399415,-0.4556258109927813,0.6945590422112219
425,-0.5465249524465989,-0.07887046993686536,-0.4515336797684129,0.7008617990445603
426,-0.5437247922328248,-0.06601537177614009,-0.44733450699727567,0.7070340584795995
427,-0.5407613499108134,-0.05316905419640516,-0.44302976010031675,0.7130742217917785
428,-0.5376351304302932,-0.04033446964923443,-0.4386209323360262,0.7189807193534414
429,-0.534346681845261,-0.02751456545800207,-0.43410954239062793,0.7247520110313712
430,-0.5308965951974922,-0.014712283104170942,-0.42949713396195777,0.7303865865772983
431,-0.5272855043890905,-0.001930557515226028,-0.4247852753371585,0.7358829660112784
432,-0.5235140860441131,0.010827683645554587,-0.4199755589642791,0.7412396999978546
433,-0.5195830593593003,0.023559520687342184,-0.41506960101789514,0.7464553702148964
434,-0.515493185943944,0.0362620425978068,-0.41006904095887164,0.7515285897150341
435,-0.5112452696489403,0.04893234774682936,-0.4049755410883672,0.756458003279594
436,-0.5068401563850583,0.061567544587674494,-0.399790786096205,0.7612422877649353
437,-0.5022787339304755,0.07416475235548103,-0.3945164826037184,0.7658801524411238
438,-0.4975619317276202,0.08672110176286862,-0.3891543587011939,0.770370339322832
439,-0.49269072066937836,0.0992337356925086,-0.3837061634800323,0.7747116234924016
440,-0.4876661128747083,0.11169980988647926,-0.37817366655973705,0.7789028134149739
441,-0.482489161453724,0.12411649363223703,-0.3725586576098677,0.7829427512456154
442,-0.4771609602622977,0.1364809704450402,-0.3668629458670654,0.786830313128365
443,-0.4716826436462497,0.1487904387466436,-0.36108835964728153,0.7905644094871089
444,-0.46605538617517805,0.1610421125401137,-0.35523674585334025,0.794143985308239
445,-0.4602804023660063,0.17323322208057762,-0.3493099694779459,0.7975680204149898
446,-0.4543589463963008,0.18536101454176357,-0.34330991310227776,0.8008355297334142
447,-0.4482923118074404,0.1974227546781529,-0.33723847639029186,0.8039455635499114
448,-0.4420818311977046,0.20941572548257986,-0.33109757557886144,0.8068972077602503
449,-0.43572887590536324,0.22133722883912343,-0.3248891429638908,0.8096895841100185
450,-0.4292348556818297,0.23318458617113658,-0.31861512638252143,0.8123218504264454
451,-0.422601218354978,0.24495513908423294,-0.31227748869158184,0.8147932008415333
452,-0.4158294494826914,0.25664625000409225,-0.3058782072423974,0.8171028660064383
453,-0.4089210719967348,0.2682553028089188,-0.2994192733521036,0.8192501132970537
454,-0.4018776458370342,0.27977970345639885,-0.2929026917715947,0.8212342470107331
455,-0.3947007675764619,0.29121688060499823,-0.28633048015024765,0.8230546085541192
456,-0.38739207003620385,0.30256428622946097,-0.2797046684975448,0.8247105766220049
457,-0.3799532218918289,0.3138193962303314,-0.27302729864176367,0.8262015673672074
458,-0.3723859272701232,0.32497971103738726,-0.2663004236858265,0.8275270345613951
459,-0.3646919253368298,0.33604275620679525,-0.2595261074604919,0.828686469746829
460,-0.35687298987535243,0.3470060830118745,-0.2527064239750005,0.8296794023789852
461,-0.34893092885657007,0.35786726902729926,-0.24584345686533296,0.8305053999600107
462,-0.3408675839998286,0.36862391870661926,-0.23893929884020026,0.8311640681629884
463,-0.332684830325251,0.37927366395293194,-0.23199605112492938,0.8316550509469751
464,-0.32438457569745616,0.3898141646825886,-0.22501582290337396,0.831978030662778
465,-0.3159687603608067,0.4002431093817819,-0.21800073075799173,0.8321327281494453
466,-0.3074393564663055,0.41055821565587736,-0.21095289810824389,0.8321189028214533
467,-0.2987983675902443,0.4207572307713694,-0.2038744546474361,0.8319363527465454
468,-0.29004782824473896,0.43083793219031297,-0.19676753577817346,0.8315849147142285
469,-0.2811898033802638,0.44079812809710334,-0.18963428204655106,0.8310644642948869
470,-0.2722263878803141,0.45063565791747656,-0.18247683857523334,0.8303749158895084
471,-0.26315970604830863,0.4603483928296146,-0.1752973544955666,0.8295162227700038
472,-0.2539919110868829,0.469934236267204,-0.16809798237886922,0.828488377110111
473,-0.24472518456967732,0.4793911244143496,-0.16088087766704362,0.827291410006876
474,-0.23536173590577397,0.4887170266922071,-0.15364819810265157,0.8259253914926928
475,-0.2259038017968929,0.49790994623722806,-0.14640210315860785,0.8243904305379138
476,-0.21635364568750165,0.5069679203708866,-0.1391447534676248,0.8226866750440166
477,-0.20671355720796436,0.5158890210607816,-0.13187831025156455,0.8208143118273283
478,-0.19698585161087367,0.524671355373,-0.12460493475083752,0.8187735665933152
479,-0.18717286920069792,0.5333130659156314,-0.11732678765399075,0.8165647039014383
480,-0.17727697475689708,0.5418123312733254,-0.11004602852764112,0.814188027120579
481,-0.16730055695063772,0.550167366432782,-0.10276481524688504,0.8116438783750521
482,-0.15724602775527202,0.5583764231990728,-0.09548530342634634,0.8089326384812124
483,-0.14711582185069466,0.5664377906027044,-0.08820964585198415,0.8060547268746642
484,-0.13691239602176397,0.5743497952973001,-0.08093999191382811,0.8030106015280983
485,-0.12663822855090556,0.5821108019478255,-0.07367848703977645,0.7998007588597784
486,-0.11629581860507701,0.5897192136092486,-0.06642727213059325,0.7964257336326801
487,-0.10588768561721473,0.597173472095555,-0.05918848299626214,0.7928860988443232
488,-0.09541636866234834,0.6044720583390202,-0.05196424979382943,0.7891824656073168
489,-0.08488442582851784,0.6116134927396485,-0.044756696466885765,0.785315483020641
490,-0.07429443358265492,0.6185963355047093,-0.03756794018682397,0.7812858380317006
491,-0.06364898613159907,0.6254191869782683,-0.03040009079602479,0.7770942552891866
492,-0.052950694778379624,0.6320806879606522,-0.02325525025309311,0.7727414969867618
493,-0.04220218727394895,0.638579520017759,-0.01613551208030738,0.7682283626976355
494,-0.03140610716453159,0.6449144057801373,-0.009042960813413947,0.7635556892000411
495,-0.020565113134723874,0.6510841092317762,-0.00197967145389576,0.7587243502936725
496,-0.009681878346532806,0.6570874359885198,0.005052291076124961,0.7537352566071178
497,0.0012409102254864277,0.6629232335660502,0.012050872476231789,0.7485893553963393
498,0.012200552462834966,0.6685903916373713,0.019014029607150956,0.7432876303342368
499,0.023194335775237843,0.6740878422797311,0.025939731027156424,0.7378311012913733
