,0,1,2,3
0,0.6961101457466978,0.0,-0.7179350005317411,0.0
1,0.6955464018678457,0.0002990201351097448,-0.7184808628136361,-0.0006026659316016606
2,0.6949818205177788,0.0005984031265556234,-0.7190260489630939,-0.0012049796738342912
3,0.6944164027663724,0.0008981490698886489,-0.719570557945718,-0.001806940770371955
4,0.6938501496848011,0.001198258059432902,-0.7201143887278214,-0.002408548766076886
5,0.6932830623455372,0.001498730188284556,-0.7206575402764284,-0.0030098032069997074
6,0.6927151418223486,0.001799565548310908,-0.7212000115592775,-0.003610703640379646
7,0.6921463891902955,0.002100764230149403,-0.7217418015448241,-0.004211249614644741
8,0.6915768055257284,0.0024023263232066765,-0.7222829092022418,-0.004811440679412052
9,0.6910063919062861,0.00270425191565758,-0.7228233335014252,-0.005411276385487858
10,0.6904351494108928,0.003006541094444234,-0.7233630734129918,-0.006010756284867865
11,0.6898630791197559,0.003309193945275064,-0.723902127908285,-0.0066098799307373925
12,0.6892901821143635,0.0036122105526238584,-0.7244404959593761,-0.0072086468774715876
13,0.6887164594774828,0.003915590999728796,-0.7249781765390657,-0.007807056680635587
14,0.6881419122931561,0.004219335368591532,-0.7255151686208879,-0.008405108896984724
15,0.6875665416466997,0.004523443739976227,-0.7260514711791106,-0.009002803084464717
16,0.6869903486247012,0.004827916193408629,-0.7265870831887388,-0.009600138802211824
17,0.686413334315017,0.00513275280717513,-0.7271220036255168,-0.010197115610553057
18,0.6858354998067695,0.0054379536583218265,-0.7276562314659311,-0.010793733071006322
19,0.6852568461903457,0.005743518822653601,-0.7281897656872104,-0.01138999074628061
20,0.6846773745573936,0.006049448374733193,-0.7287226052673311,-0.011985888200276167
21,0.6840970860008206,0.006355742387880276,-0.7292547491850172,-0.01258142499808464
22,0.6835159816147911,0.006662400934170538,-0.7297861964197431,-0.013176600705989253
23,0.6829340624947232,0.006969424084434782,-0.7303169459517368,-0.013771414891464977
24,0.6823513297372873,0.00727681190825797,-0.7308469967619808,-0.014365867123178649
25,0.6817677844404031,0.007584564473978374,-0.7313763478322156,-0.014959956970989155
26,0.6811834277032378,0.007892681848686633,-0.7319049981449413,-0.015553684005947586
27,0.6805982606262019,0.008201164098224847,-0.7324329466834201,-0.016147047800297316
28,0.6800122843109497,0.008510011287185714,-0.7329601924316775,-0.01674004792747427
29,0.6794254998603744,0.008819223478911592,-0.7334867343745075,-0.01733268396210691
30,0.6788379083786059,0.009128800735493638,-0.7340125714974713,-0.017924955480016495
31,0.6782495109710102,0.009438743117770907,-0.734537702786902,-0.01851686205821716
32,0.6776603087441847,0.009749050685329491,-0.7350621272299057,-0.019108403274916044
33,0.6770703028059577,0.010059723496501595,-0.7355858438143642,-0.019699578709513416
34,0.6764794942653838,0.010370761608364677,-0.7361088515289378,-0.02029038794260283
35,0.6758878842327437,0.010682165076740595,-0.736631149363066,-0.020880830555971175
36,0.6752954738195399,0.010993933956194735,-0.7371527363069714,-0.021470906132598902
37,0.6747022641384957,0.011306068300035069,-0.7376736113516608,-0.02206061425665999
38,0.6741082563035518,0.011618568160311458,-0.7381937734889292,-0.02264995451352221
39,0.6735134514298642,0.011931433587814557,-0.7387132217113591,-0.023238926489747125
40,0.6729178506338014,0.012244664632075198,-0.7392319550123261,-0.023827529773090227
41,0.6723214550329425,0.012558261341363335,-0.739749972385998,-0.024415763952501026
42,0.6717242657460746,0.012872223762687336,-0.74026727282734,-0.0250036286181232
43,0.6711262838931892,0.013186551941793086,-0.7407838553321147,-0.025591123361294574
44,0.6705275105954821,0.01350124592316311,-0.741299718896886,-0.02617824777454737
45,0.6699279469753486,0.013816305750015793,-0.7418148625190197,-0.026765001451608136
46,0.6693275941563819,0.014131731464304489,-0.742329285196687,-0.027351383987397917
47,0.6687264532633713,0.01444752310671674,-0.7428429859288667,-0.02793739497803238
48,0.6681245254222986,0.01476368071667341,-0.7433559637153466,-0.028523034020821725
49,0.6675218117603358,0.015080204332327863,-0.7438682175567266,-0.02910830071427095
50,0.6669183134058434,0.015397093990565172,-0.7443797464544211,-0.02969319465807982
51,0.6663140314883675,0.015714349727001243,-0.74489054941066,-0.030277715453142933
52,0.665708967138637,0.01603197157598206,-0.7454006254284916,-0.030861862701549815
53,0.6651031214885613,0.016349959570582828,-0.7459099735117863,-0.03144563600658497
54,0.6644964956712278,0.0166683137426072,-0.7464185926652362,-0.03202903497272794
55,0.6638890908209,0.016987034122586443,-0.7469264818943588,-0.03261205920565337
56,0.6632809080730133,0.017306120739778667,-0.7474336402055001,-0.03319470831223102
57,0.662671948564175,0.01762557362216798,-0.7479400666058347,-0.03377698190052589
58,0.6620622134321593,0.017945392796463722,-0.7484457601033699,-0.03435887957979818
59,0.6614517038159067,0.01826557828809971,-0.7489507197069475,-0.03494040096050338
60,0.6608404208555203,0.018586130121233377,-0.7494549444262445,-0.03552154565429229
61,0.6602283656922638,0.01890704831874504,-0.7499584332717778,-0.03610231327401109
62,0.6596155394685593,0.019228332902237136,-0.7504611852549053,-0.03668270343370135
63,0.6590019433279837,0.01954998389203335,-0.750963199387827,-0.03726271574860002
64,0.6583875784152674,0.019872001307177964,-0.751464474683589,-0.03784234983513951
65,0.657772445876291,0.020194385165434998,-0.7519650101560856,-0.03842160531094772
66,0.6571565468580828,0.020517135483287458,-0.7524648048200598,-0.039000481794848
67,0.6565398825088172,0.020840252275936638,-0.7529638576911075,-0.03957897890685925
68,0.6559224539778109,0.021163735557301305,-0.7534621677856786,-0.04015709626819583
69,0.6553042624155211,0.021487585340016914,-0.7539597341210797,-0.040734833501267664
70,0.6546853089735428,0.02181180163543493,-0.7544565557154764,-0.0413121902296802
71,0.6540655948046065,0.02213638445362199,-0.7549526315878947,-0.04188916607823441
72,0.653445121062575,0.022461333803359306,-0.755447960758225,-0.04246576067292683
73,0.6528238889024418,0.022786649692141715,-0.755942542247221,-0.04304197364094951
74,0.6522018994803279,0.023112332126177148,-0.7564363750765065,-0.04361780461069001
75,0.6515791539534791,0.023438381110385733,-0.7569294582685737,-0.04419325321173151
76,0.6509556534802642,0.023764796648399148,-0.7574217908467874,-0.04476831907485252
77,0.6503313992201721,0.024091578742559912,-0.7579133718353864,-0.04534300183202722
78,0.6497063923338089,0.024418727393920595,-0.7584042002594867,-0.04591730111642514
79,0.6490806339828956,0.02474624260224313,-0.7588942751450825,-0.04649121656241135
80,0.648454125330266,0.025074124365998093,-0.7593835955190488,-0.047064747805546286
81,0.6478268675398633,0.025402372682363998,-0.7598721604091443,-0.04763789448258577
82,0.6471988617767385,0.025730987547226587,-0.760359968844013,-0.04821065623148106
83,0.6465701092070466,0.026059968955178127,-0.7608470198531863,-0.04878303269137871
84,0.6459406109980456,0.02638931689951666,-0.7613333124670851,-0.04935502350262053
85,0.6453103683180923,0.026719031372245405,-0.7618188457170231,-0.04992662830674364
86,0.644679382336641,0.027049112364071905,-0.7623036186352075,-0.05049784674648036
87,0.6440476542242406,0.02737955986440751,-0.7627876302547423,-0.05106867846575817
88,0.6434151851525317,0.027710373861366593,-0.7632708796096296,-0.05163912310969958
89,0.6427819762942436,0.02804155434176589,-0.7637533657347737,-0.05220918032462232
90,0.642148028823194,0.02837310129112374,-0.7642350876659799,-0.05277884975803894
91,0.6415133439142832,0.02870501469365956,-0.7647160444399604,-0.05334813105865708
92,0.6408779227434936,0.029037294532293083,-0.765196235094334,-0.05391702387637916
93,0.6402417664878869,0.02936994078864367,-0.7656756586676292,-0.05448552786230248
94,0.639604876325601,0.029702953443029624,-0.7661543141992863,-0.055053642668719
95,0.6389672534358479,0.03003633247446763,-0.7666322007296599,-0.05562136794911544
96,0.6383288989989103,0.030370077860671987,-0.7671093173000201,-0.056188703358172984
97,0.6376898141961406,0.03070418957805407,-0.7675856629525561,-0.05675564855176752
98,0.6370500002099562,0.031038667601721567,-0.7680612367303773,-0.05732220318696914
99,0.6364094582238382,0.031373511905477824,-0.7685360376775159,-0.05788836692204246
100,0.6357681894223302,0.03170872246182132,-0.7690100648389291,-0.05845413941644627
101,0.6351261949910317,0.03204429924194493,-0.7694833172605011,-0.05901952033083354
102,0.6344834761165996,0.032380242215735267,-0.7699557939890452,-0.059584509327051303
103,0.6338400339867434,0.032716551351772136,-0.7704274940723068,-0.06014910606814058
104,0.6331958697902231,0.03305322661732785,-0.7708984165589643,-0.06071331021833621
105,0.6325509847168467,0.0333902679783666,-0.7713685604986323,-0.06127712144306688
106,0.6319053799574675,0.03372767539954378,-0.7718379249418631,-0.061840539408954814
107,0.6312590567039815,0.03406544884420559,-0.7723065089401496,-0.06240356378381589
108,0.6306120161493247,0.034403588274388074,-0.7727743115459269,-0.0629661942366594
109,0.629964259487471,0.034742093650816805,-0.7732413318125746,-0.06352843043768794
110,0.629315787913429,0.03508096493290611,-0.7737075687944184,-0.06409027205829723
111,0.6286666026232391,0.03542020207875857,-0.7741730215467338,-0.06465171877107612
112,0.6280167048139721,0.03575980504516427,-0.7746376891257472,-0.06521277024980643
113,0.6273660956837254,0.0360997737876004,-0.7751015705886379,-0.06577342616946279
114,0.6267147764316204,0.03644010826023048,-0.7755646649935402,-0.06633368620621241
115,0.6260627482578014,0.036780808415903865,-0.7760269713995468,-0.06689355003741518
116,0.6254100123634312,0.03712187420615517,-0.7764884888667096,-0.06745301734162326
117,0.6247565699506887,0.03746330558120356,-0.776949216456042,-0.06801208779858116
118,0.6241024222227676,0.03780510248995238,-0.7774091532295222,-0.06857076108922552
119,0.6234475703838726,0.0381472648799884,-0.7778682982500941,-0.06912903689568488
120,0.6227920156392163,0.03848979269758132,-0.77832665058167,-0.06968691490127964
121,0.6221357591950188,0.0388326858876832,-0.7787842092891326,-0.07024439479052183
122,0.6214788022585022,0.039175944393927804,-0.7792409734383371,-0.07080147624911497
123,0.6208211460378903,0.039519568158630176,-0.779696942096114,-0.071358158963954
124,0.6201627917424043,0.039863557122786046,-0.7801521143302702,-0.07191444262312498
125,0.6195037405822611,0.04020791122607116,-0.780606489209592,-0.07247032691590488
126,0.6188439937686707,0.04055263040684095,-0.7810600658038466,-0.07302581153276168
127,0.6181835525138333,0.0408977146021297,-0.7815128431837848,-0.07358089616535395
128,0.6175224180309359,0.04124316374765028,-0.7819648204211428,-0.07413558050653067
129,0.6168605915341511,0.041588977777793384,-0.7824159965886449,-0.07468986425033128
130,0.6161980742386339,0.0419351566256272,-0.7828663707600042,-0.07524374709198518
131,0.6155348673605182,0.042281700222896665,-0.7833159420099267,-0.0757972287279118
132,0.6148709721169151,0.04262860850002316,-0.7837647094141119,-0.07635030885572026
133,0.6142063897259105,0.04297588138610375,-0.7842126720492559,-0.0769029871742093
134,0.613541121406561,0.0433235188089108,-0.7846598289930528,-0.07745526338336695
135,0.6128751683788926,0.04367152069489156,-0.7851061793241971,-0.07800713718437043
136,0.6122085318638981,0.044019886969167324,-0.7855517221223863,-0.07855860827958586
137,0.6115412130835329,0.0443686175555333,-0.7859964564683224,-0.07910967637256822
138,0.6108732132607144,0.04471771237645783,-0.7864403814437138,-0.07966034116806088
139,0.6102045336193177,0.045067171353082046,-0.7868834961312791,-0.0802106023719957
140,0.6095351753841737,0.04541699440521924,-0.7873257996147464,-0.08076045969149251
141,0.608865139781066,0.04576718145135438,-0.7877672909788581,-0.08130991283485904
142,0.6081944280367294,0.04611773240864395,-0.7882079693093724,-0.0818589615115909
143,0.607523041378845,0.04646864719291478,-0.7886478336930629,-0.08240760543237084
144,0.6068509810360402,0.046819925718664356,-0.7890868832177249,-0.08295584430906908
145,0.6061782482378835,0.047171567899059706,-0.7895251169721749,-0.08350367785474265
146,0.6055048442148838,0.04752357364593717,-0.7899625340462523,-0.08405110578363553
147,0.6048307701984867,0.04787594286980207,-0.7903991335308234,-0.08459812781117805
148,0.6041560274210718,0.04822867547982795,-0.7908349145177822,-0.08514474365398693
149,0.6034806171159507,0.04858177138385636,-0.791269876100052,-0.08569095302986478
150,0.6028045405173633,0.048935230488396216,-0.7917040173715902,-0.08623675565780022
151,0.6021277988604763,0.04928905269862334,-0.7921373374273867,-0.0867821512579672
152,0.6014503933813795,0.04964323791838031,-0.7925698353634691,-0.08732713955172512
153,0.6007723253170835,0.049997786050175484,-0.7930015102769029,-0.08787172026161835
154,0.6000935959055175,0.05035269699518311,-0.7934323612657946,-0.08841589311137604
155,0.5994142063855254,0.050707970653242486,-0.7938623874292932,-0.08895965782591181
156,0.5987341579968645,0.05106360692285752,-0.7942915878675927,-0.08950301413132365
157,0.5980534519802014,0.05141960570119664,-0.794719961681934,-0.09004596175489334
158,0.5973720895771111,0.05177596688409209,-0.7951475079746068,-0.09058850042508652
159,0.596690072030072,0.05213269036603949,-0.7955742258489527,-0.09113062987155232
160,0.5960074005824654,0.05248977604019748,-0.7960001144093656,-0.09167234982512287
161,0.595324076478571,0.05284722379838731,-0.7964251727612952,-0.09221366001781323
162,0.5946401009635659,0.05320503353109246,-0.7968494000112486,-0.09275456018282108
163,0.5939554752835208,0.053563205127458026,-0.7972727952667921,-0.09329505005452648
164,0.5932702006853969,0.05392173847529072,-0.7976953576365539,-0.09383512936849138
165,0.5925842784170446,0.05428063346105787,-0.7981170862302257,-0.0943747978614595
166,0.5918977097271996,0.05463988996988747,-0.7985379801585647,-0.09491405527135602
167,0.5912104958654801,0.05499950788556787,-0.7989580385333968,-0.09545290133728729
168,0.5905226380823857,0.05535948709054686,-0.7993772604676161,-0.0959913357995403
169,0.5898341376292928,0.055719827465931696,-0.7997956450751903,-0.09652935839958292
170,0.5891449957584527,0.056080528891488624,-0.8002131914711607,-0.09706696888006285
171,0.5884552137229889,0.05644159124564242,-0.8006298987716439,-0.09760416698480791
172,0.5877647927768948,0.05680301440547608,-0.8010457660938357,-0.09814095245882552
173,0.5870737341750288,0.0571647982467305,-0.8014607925560112,-0.09867732504830226
174,0.5863820391731157,0.057526942643803966,-0.8018749772775289,-0.09921328450060378
175,0.5856897090277394,0.05788944746975175,-0.8022883193788306,-0.09974883056427432
176,0.5849967449963439,0.05825231259628594,-0.8027008179814451,-0.10028396298903641
177,0.5843031483372279,0.05861553789377495,-0.8031124722079891,-0.10081868152579054
178,0.5836089203095433,0.05897912323124334,-0.8035232811821711,-0.10135298592661489
179,0.5829140621732927,0.059343068476370955,-0.803933244028791,-0.10188687594476491
180,0.5822185751893263,0.05970737349549329,-0.8043423598737434,-0.10242035133467312
181,0.5815224606193388,0.0600720381536006,-0.8047506278440203,-0.10295341185194846
182,0.5808257197258672,0.06043706231433771,-0.8051580470677121,-0.10348605725337631
183,0.5801283537722879,0.06080244584000394,-0.80556461667401,-0.10401828729691803
184,0.5794303640228136,0.06116818859155208,-0.8059703357932076,-0.1045501017417103
185,0.5787317517424917,0.061534290428589045,-0.8063752035567044,-0.10508150034806538
186,0.5780325181972,0.06190075120937466,-0.8067792190970058,-0.10561248287747009
187,0.5773326646536452,0.06226757079082178,-0.8071823815477273,-0.10614304909258603
188,0.5766321923793593,0.06263474902849586,-0.8075846900435938,-0.10667319875724869
189,0.5759311026426973,0.06300228577661478,-0.807986143720445,-0.10720293163646753
190,0.5752293967128346,0.06337018088804823,-0.8083867417152344,-0.10773224749642535
191,0.574527075859764,0.06373843421431771,-0.8087864831660336,-0.108261146104478
192,0.573824141354293,0.06410704560559606,-0.8091853672120329,-0.10878962722915402
193,0.5731205944680406,0.06447601491070705,-0.8095833929935431,-0.1093176906401541
194,0.5724164364734358,0.06484534197712552,-0.8099805596519993,-0.10984533610835101
195,0.5717116686437134,0.06521502665097646,-0.8103768663299615,-0.11037256340578902
196,0.5710062922529118,0.06558506877703528,-0.8107723121711168,-0.11089937230568339
197,0.5703003085758709,0.06595546819872738,-0.8111668963202819,-0.11142576258242029
198,0.5695937188882283,0.06632622475812731,-0.8115606179234045,-0.11195173401155609
199,0.5688865244664174,0.0666973382959595,-0.8119534761275652,-0.11247728636981721
200,0.5681787265876634,0.06706880865159713,-0.8123454700809813,-0.1130024194350996
201,0.5674703265299825,0.06744063566306216,-0.8127365989330059,-0.11352713298646833
202,0.5667613255721775,0.06781281916702538,-0.8131268618341324,-0.1140514268041572
203,0.5660517249938355,0.0681853589988055,-0.8135162579359958,-0.1145753006695685
204,0.565341526075325,0.06855825499236932,-0.8139047863913732,-0.11509875436527212
205,0.5646307300977936,0.06893150698033153,-0.8142924463541885,-0.11562178767500579
206,0.5639193383431651,0.06930511479395411,-0.8146792369795125,-0.11614440038367407
207,0.5632073520941363,0.06967907826314645,-0.815065157423565,-0.11666659227734846
208,0.5624947726341747,0.07005339721646485,-0.8154502068437179,-0.11718836314326644
209,0.5617816012475155,0.07042807148111231,-0.8158343843984959,-0.11770971276983144
210,0.5610678392191587,0.07080310088293858,-0.8162176892475793,-0.11823064094661226
211,0.5603534878348666,0.07117848524643931,-0.8166001205518063,-0.11875114746434265
212,0.5596385483811611,0.07155422439475662,-0.8169816774731734,-0.11927123211492084
213,0.5589230221453202,0.07193031814967814,-0.8173623591748395,-0.1197908946914091
214,0.5582069104153767,0.0723067663316373,-0.8177421648211267,-0.12031013498803364
215,0.5574902144801135,0.0726835687597128,-0.8181210935775216,-0.12082895280018341
216,0.5567729356290625,0.0730607252516286,-0.8184991446106795,-0.12134734792441043
217,0.5560550751525005,0.07343823562375362,-0.8188763170884237,-0.12186532015842884
218,0.5553366343414476,0.0738160996911013,-0.8192526101797496,-0.12238286930111465
219,0.5546176144876639,0.07419431726733003,-0.8196280230548256,-0.12289999515250544
220,0.5538980168836457,0.07457288816474236,-0.8200025548849958,-0.12341669751379938
221,0.5531778428226248,0.07495181219428483,-0.8203762048427806,-0.12393297618735538
222,0.5524570935985643,0.07533108916554809,-0.8207489721018806,-0.1244488309766922
223,0.5517357705061556,0.07571071888676675,-0.8211208558371773,-0.12496426168648815
224,0.5510138748408167,0.07609070116481872,-0.8214918552247348,-0.12547926812258056
225,0.5502914078986882,0.07647103580522538,-0.8218619694418028,-0.12599385009196545
226,0.549568370976632,0.07685172261215137,-0.8222311976668177,-0.1265080074027968
227,0.5488447653722268,0.0772327613884046,-0.8225995390794059,-0.1270217398643863
228,0.5481205923837666,0.07761415193543557,-0.8229669928603838,-0.12753504728720272
229,0.547395853310257,0.07799589405333754,-0.8233335581917609,-0.12804792948287155
230,0.5466705494514134,0.07837798754084656,-0.8236992342567417,-0.12856038626417426
231,0.5459446821076573,0.0787604321953408,-0.824064020239728,-0.12907241744504824
232,0.5452182525801139,0.0791432278128409,-0.8244279153263203,-0.12958402284058587
233,0.544491262170609,0.0795263741880095,-0.8247909187033189,-0.13009520226703422
234,0.5437637121816671,0.0799098711141513,-0.8251530295587283,-0.13060595554179463
235,0.5430356039165072,0.0802937183832126,-0.8255142470817562,-0.13111628248342191
236,0.5423069386790408,0.08067791578578157,-0.8258745704628183,-0.13162618291162423
237,0.5415777177738698,0.08106246311108792,-0.8262339988935379,-0.13213565664726226
238,0.5408479425062818,0.08144736014700257,-0.8265925315667491,-0.13264470351234892
239,0.5401176141822495,0.08183260668003803,-0.8269501676764984,-0.13315332333004867
240,0.5393867341084255,0.08221820249534756,-0.827306906418046,-0.13366151592467693
241,0.538655303592142,0.08260414737672593,-0.8276627469878705,-0.13416928112170007
242,0.5379233239414064,0.08299044110660848,-0.8280176885836656,-0.13467661874773407
243,0.5371907964648986,0.08337708346607157,-0.8283717304043482,-0.13518352863054478
244,0.5364577224719687,0.08376407423483208,-0.8287248716500553,-0.13569001059904684
245,0.5357241032726334,0.08415141319124762,-0.829077111522148,-0.13619606448330335
246,0.5349899401775747,0.08453910011231629,-0.8294284492232149,-0.13670169011452546
247,0.5342552344981353,0.08492713477367643,-0.8297788839570704,-0.13720688732507147
248,0.5335199875463171,0.08531551694960698,-0.8301284149287599,-0.1377116559484468
249,0.5327842006347769,0.0857042464130268,-0.8304770413445608,-0.1382159958193029
250,0.5320478750768262,0.0860933229354952,-0.8308247624119826,-0.13871990677343718
251,0.531311012186425,0.0864827462872113,-0.8311715773397719,-0.139223388647792
252,0.5305736132781815,0.08687251623701413,-0.8315174853379117,-0.13972644128045456
253,0.5298356796673491,0.08726263255238294,-0.8318624856176243,-0.14022906451065598
254,0.5290972126698217,0.0876530949994365,-0.8322065773913744,-0.14073125817877094
255,0.5283582136021329,0.08804390334293362,-0.8325497598728682,-0.1412330221263172
256,0.5276186837814524,0.08843505734627255,-0.8328920322770579,-0.14173435619595473
257,0.5268786245255824,0.08882655677149137,-0.8332333938201427,-0.14223526023148542
258,0.5261380371529568,0.08921840137926762,-0.8335738437195701,-0.14273573407785226
259,0.5253969229826362,0.08961059092891853,-0.8339133811940387,-0.14323577758113903
260,0.5246552833343062,0.0900031251784008,-0.8342520054634998,-0.14373539058856963
261,0.5239131195282746,0.0903960038843104,-0.8345897157491586,-0.14423457294850753
262,0.5231704328854682,0.0907892268018828,-0.834926511273477,-0.1447333245104547
263,0.5224272247274295,0.0911827936849931,-0.8352623912601755,-0.14523164512505204
264,0.5216834963763155,0.09157670428615547,-0.8355973549342346,-0.14572953464407787
265,0.5209392491548936,0.09197095835652329,-0.8359314015218962,-0.14622699292044752
266,0.5201944843865381,0.09236555564588952,-0.836264530250667,-0.14672401980821326
267,0.5194492033952292,0.09276049590268634,-0.8365967403493192,-0.14722061516256307
268,0.5187034075055486,0.09315577887398505,-0.8369280310478922,-0.1477167788398203
269,0.5179570980426781,0.09355140430549633,-0.8372584015776956,-0.1482125106974431
270,0.5172102763323949,0.09394737194156998,-0.8375878511713094,-0.14870781059402388
271,0.5164629437010708,0.09434368152519512,-0.8379163790625885,-0.14920267838928838
272,0.5157151014756676,0.0947403327980001,-0.8382439844866617,-0.14969711394409543
273,0.5149667509837351,0.09513732550025257,-0.8385706666799346,-0.15019111712043604
274,0.514217893553409,0.09553465937085913,-0.8388964248800929,-0.1506846877814331
275,0.5134685305134059,0.09593233414736597,-0.8392212583261013,-0.15117782579134034
276,0.512718663193023,0.09633034956595841,-0.8395451662582087,-0.15167053101554198
277,0.5119682929221333,0.09672870536146101,-0.8398681479179475,-0.1521628033205523
278,0.5112174210311837,0.09712740126733785,-0.8401902025481365,-0.15265464257401443
279,0.5104660488511926,0.09752643701569207,-0.8405113293928828,-0.1531460486447004
280,0.5097141777137448,0.09792581233726626,-0.8408315276975833,-0.15363702140250987
281,0.5089618089509922,0.09832552696144244,-0.8411507967089271,-0.15412756071846984
282,0.5082089438956474,0.09872558061624223,-0.8414691356748962,-0.15461766646473418
283,0.5074555838809833,0.09912597302832656,-0.8417865438447686,-0.15510733851458233
284,0.5067017302408298,0.09952670392299559,-0.8421030204691192,-0.15559657674241956
285,0.505947384309569,0.09992777302418972,-0.8424185647998234,-0.15608538102377553
286,0.5051925474221357,0.10032918005448849,-0.8427331760900555,-0.15657375123530395
287,0.5044372209140113,0.10073092473511121,-0.8430468535942941,-0.157061687254782
288,0.5036814061212237,0.10113300678591694,-0.8433595965683222,-0.1575491889611097
289,0.5029251043803418,0.10153542592540471,-0.8436714042692289,-0.15803625623430895
290,0.5021683170284751,0.10193818187071327,-0.843982275955412,-0.15852288895552316
291,0.5014110454032692,0.10234127433762126,-0.8442922108865791,-0.1590090870070163
292,0.5006532908429033,0.10274470304054749,-0.8446012083237495,-0.15949485027217278
293,0.49989505468608814,0.10314846769255098,-0.8449092675292574,-0.1599801786354961
294,0.4991363382720622,0.10355256800533053,-0.8452163877667511,-0.1604650719826085
295,0.49837714294058877,0.10395700368922559,-0.8455225683011974,-0.16094953020025052
296,0.4976174700319537,0.10436177445321596,-0.8458278083988817,-0.16143355317627966
297,0.496857320886963,0.10476688000492163,-0.84613210732741,-0.1619171407996703
298,0.49609669684693836,0.10517232005060348,-0.8464354643557122,-0.16240029296051298
299,0.4953355992537154,0.10557809429516292,-0.8467378787540418,-0.16288300955001336
300,0.4945740294496413,0.10598420244214206,-0.8470393497939793,-0.16336529046049159
301,0.49381198877757027,0.10639064419372393,-0.8473398767484337,-0.163847135585382
302,0.49304947858086257,0.10679741925073284,-0.8476394588916425,-0.16432854481923204
303,0.4922865002033803,0.10720452731263365,-0.8479380954991762,-0.16480951805770144
304,0.4915230549894849,0.10761196807753305,-0.848235785847939,-0.16529005519756212
305,0.4907591442840349,0.10801974124217886,-0.8485325292161698,-0.16577015613669693
306,0.48999476943238196,0.10842784650196005,-0.8488283248834443,-0.16624982077409894
307,0.4892299317803688,0.10883628355090796,-0.8491231721306787,-0.16672904900987137
308,0.488464632674326,0.10924505208169517,-0.8494170702401281,-0.16720784074522588
309,0.48769887346106966,0.10965415178563624,-0.8497100184953912,-0.1676861958824827
310,0.48693265548789744,0.11006358235268776,-0.8500020161814101,-0.16816411432506942
311,0.48616598010258716,0.11047334347144888,-0.8502930625844743,-0.1686415959775207
312,0.4853988486533921,0.11088343482916076,-0.8505831569922194,-0.16911864074547686
313,0.4846312624890401,0.1112938561117072,-0.8508722986936321,-0.1695952485356841
314,0.4838632229587293,0.11170460700361454,-0.8511604869790486,-0.17007141925599265
315,0.4830947314121258,0.11211568718805218,-0.8514477211401601,-0.17054715281535715
316,0.48232578919936064,0.11252709634683224,-0.8517340004700116,-0.17102244912383513
317,0.4815563976710273,0.11293883416041062,-0.8520193242630046,-0.1714973080925866
318,0.4807865581781776,0.11335090030788587,-0.8523036918148997,-0.17197172963387317
319,0.48001627207232106,0.11376329446700056,-0.8525871024228165,-0.1724457136610573
320,0.4792455407054197,0.11417601631414087,-0.8528695553852378,-0.17291926008860195
321,0.4784743654298863,0.11458906552433668,-0.8531510500020092,-0.17339236883206915
322,0.4777027475985822,0.11500244177126233,-0.853431585574341,-0.17386503980811974
323,0.47693068856481213,0.11541614472723616,-0.8537111614048123,-0.17433727293451257
324,0.47615818968232454,0.11583017406322121,-0.8539897767973688,-0.1748090681301034
325,0.4753852523053057,0.11624452944882527,-0.8542674310573297,-0.1752804253148447
326,0.47461187778837843,0.11665921055230076,-0.8545441234913834,-0.17575134440978413
327,0.4738380674865991,0.11707421704054558,-0.8548198534075946,-0.1762218253370648
328,0.47306382275545494,0.11748954857910276,-0.8550946201154024,-0.17669186801992331
329,0.47228914495086005,0.11790520483216088,-0.855368422925624,-0.17716147238269003
330,0.47151403542915327,0.1183211854625544,-0.8556412611504558,-0.17763063835078746
331,0.47073849554709585,0.11873749013176377,-0.8559131341034755,-0.1780993658507304
332,0.46996252666186744,0.1191541184999156,-0.8561840410996421,-0.17856765481012415
333,0.4691861301310646,0.11957107022578317,-0.8564539814553005,-0.17903550515766448
334,0.46840930731269625,0.11998834496678629,-0.8567229544881809,-0.17950291682313643
335,0.4676320595651815,0.12040594237899176,-0.8569909595174017,-0.17996988973741368
336,0.4668543882473478,0.1208238621171136,-0.8572579958634701,-0.1804364238324577
337,0.46607629471842615,0.12124210383451332,-0.8575240628482852,-0.18090251904131727
338,0.46529778033805036,0.12166066718320008,-0.8577891597951385,-0.18136817529812693
339,0.46451884646625163,0.12207955181383122,-0.8580532860287176,-0.18183339253810726
340,0.46373949446345825,0.12249875737571168,-0.8583164408751034,-0.18229817069756293
341,0.4629597256904906,0.12291828351679572,-0.8585786236617781,-0.18276250971388275
342,0.4621795415085602,0.12333812988368595,-0.8588398337176215,-0.18322640952553854
343,0.4613989432792649,0.12375829612163385,-0.8591000703729156,-0.18368987007208404
344,0.46061793236458715,0.12417878187454058,-0.8593593329593456,-0.1841528912941549
345,0.4598365101268913,0.12459958678495651,-0.8596176208100006,-0.18461547313346682
346,0.45905467792891924,0.12502071049408214,-0.8598749332593771,-0.18507761553281551
347,0.45827243713378985,0.12544215264176828,-0.8601312696433798,-0.18553931843607582
348,0.45748978910499394,0.12586391286651585,-0.8603866292993222,-0.18600058178820034
349,0.4567067352063926,0.12628599080547656,-0.86064101156593,-0.18646140553521917
350,0.45592327680221373,0.12670838609445356,-0.8608944157833425,-0.1869217896242389
351,0.4551394152570495,0.12713109836790068,-0.8611468412931127,-0.1873817340034417
352,0.454355151935853,0.1275541272589242,-0.8613982874382112,-0.18784123862208435
353,0.4535704882039363,0.12797747239928173,-0.861648753563026,-0.1883003034304978
354,0.4527854254269665,0.12840113341938367,-0.861898239013365,-0.18875892838008618
355,0.45199996497096306,0.12882510994829285,-0.8621467431364586,-0.18921711342332584
356,0.45121410820229607,0.12924940161372458,-0.8623942652809584,-0.1896748585137642
357,0.45042785648768113,0.12967400804204812,-0.862640804796943,-0.19013216360601976
358,0.4496412111941784,0.13009892885828606,-0.8628863610359158,-0.19058902865578056
359,0.44885417368918956,0.13052416368611497,-0.8631309333508088,-0.1910454536198034
360,0.44806674534045343,0.13094971214786533,-0.8633745210959843,-0.1915014384559135
361,0.4472789275160447,0.13137557386452267,-0.8636171236272353,-0.19195698312300263
362,0.4464907215843699,0.1318017484557274,-0.8638587403017882,-0.1924120875810292
363,0.4457021289141656,0.13222823553977503,-0.8640993704783035,-0.19286675179101714
364,0.4449131508744941,0.13265503473361695,-0.864339013516879,-0.19332097571505494
365,0.44412378883474285,0.13308214565286042,-0.8645776687790496,-0.19377475931629443
366,0.4433340441646182,0.1335095679117692,-0.8648153356277899,-0.1942281025589507
367,0.4425439182341454,0.13393730112326355,-0.8650520134275161,-0.19468100540830066
368,0.4417534124136645,0.13436534489892135,-0.865287701544087,-0.19513346783068214
369,0.44096252807382796,0.1347936988489775,-0.8655223993448053,-0.19558548979349327
370,0.4401712665855966,0.13522236258232484,-0.8657561061984214,-0.19603707126519165
371,0.43937962932023866,0.1356513357065146,-0.8659888214751308,-0.19648821221529306
372,0.4385876176493243,0.13608061782775652,-0.8662205445465809,-0.19693891261437096
373,0.4377952329447259,0.13651020855091944,-0.8664512747858685,-0.19738917243405546
374,0.437002476578612,0.1369401074795317,-0.866681011567543,-0.19783899164703234
375,0.43620934992344657,0.13737031421578122,-0.8669097542676085,-0.19828837022704238
376,0.4354158543519852,0.13780082836051616,-0.8671375022635242,-0.19873730814888013
377,0.4346219912372724,0.13823164951324554,-0.8673642549342073,-0.19918580538839337
378,0.43382776195263906,0.13866277727213921,-0.8675900116600332,-0.19963386192248206
379,0.4330331678716983,0.13909421123402843,-0.8678147718228388,-0.20008147772909726
380,0.43223821036834453,0.13952595099440648,-0.8680385348059216,-0.20052865278724052
381,0.43144289081674886,0.13995799614742868,-0.8682612999940446,-0.20097538707696266
382,0.430647210591357,0.1403903462859132,-0.8684830667734343,-0.20142168057936327
383,0.429851171066886,0.14082300100134124,-0.8687038345317856,-0.2018675332765894
384,0.429054773618322,0.14125595988385783,-0.8689236026582607,-0.20231294515183462
385,0.42825801962091625,0.14168922252227162,-0.8691423705434927,-0.2027579161893387
386,0.42746091045018364,0.14212278850405569,-0.869360137579586,-0.20320244637438584
387,0.4266634474818981,0.1425566574153483,-0.8695769031601174,-0.2036465356933041
388,0.4258656320920915,0.14299082884095277,-0.86979266668014,-0.20409018413346516
389,0.42506746565704945,0.1434253023643382,-0.8700074275361817,-0.20453339168328205
390,0.42426894955330874,0.14386007756764016,-0.8702211851262492,-0.20497615833220934
391,0.4234700851576544,0.14429515403166057,-0.8704339388498283,-0.20541848407074148
392,0.4226708738471176,0.1447305313358686,-0.870645688107886,-0.20586036889041248
393,0.4218713169989713,0.14516620905840125,-0.8708564323028717,-0.2063018127837945
394,0.42107141599072817,0.14560218677606318,-0.8710661708387193,-0.20674281574449704
395,0.42027117220013877,0.14603846406432783,-0.8712749031208469,-0.20718337776716597
396,0.4194705870051858,0.14647504049733778,-0.8714826285561621,-0.2076234988474829
397,0.4186696617840844,0.14691191564790487,-0.8716893465530594,-0.20806317898216345
398,0.41786839791527697,0.14734908908751107,-0.8718950565214243,-0.20850241816895718
399,0.41706679677743175,0.14778656038630877,-0.8720997578726343,-0.20894121640664637
400,0.41626485974943794,0.14822432911312158,-0.8723034500195602,-0.20937957369504473
401,0.415462588210406,0.14866239483544397,-0.8725061323765669,-0.2098174900349964
402,0.41465998353966127,0.14910075711944315,-0.8727078043595171,-0.21025496542837546
403,0.4138570471167437,0.14953941552995817,-0.8729084653857705,-0.21069199987808512
404,0.4130537803214035,0.14997836963050146,-0.8731081148741864,-0.21112859338805579
405,0.4122501845335984,0.15041761898325878,-0.8733067522451253,-0.21156474596324495
406,0.4114462611334917,0.15085716314908984,-0.8735043769204505,-0.2120004576096359
407,0.4106420115014481,0.15129700168752896,-0.8737009883235287,-0.2124357283342368
408,0.4098374370180319,0.15173713415678555,-0.8738965858792327,-0.21287055814507969
409,0.409032539064003,0.1521775601137446,-0.8740911690139416,-0.21330494705121925
410,0.4082273190203154,0.152618279113967,-0.8742847371555442,-0.21373889506273247
411,0.40742177826811254,0.15305929071169055,-0.874477289733439,-0.21417240219071718
412,0.40661591818872633,0.15350059445983003,-0.8746688261785351,-0.21460546844729084
413,0.40580974016367255,0.15394218990997818,-0.8748593459232564,-0.21503809384559025
414,0.40500324557464906,0.15438407661240575,-0.8750488484015398,-0.2154702783997699
415,0.4041964358035327,0.15482625411606235,-0.875237333048839,-0.21590202212500115
416,0.4033893122323756,0.15526872196857724,-0.8754247993021258,-0.21633332503747166
417,0.4025818762434036,0.1557114797162593,-0.87561124659989,-0.21676418715438395
418,0.4017741292190121,0.15615452690409792,-0.8757966743821421,-0.21719460849395406
419,0.4009660725417644,0.15659786307576393,-0.8759810820904153,-0.2176245890754115
420,0.40015770759438724,0.15704148777360913,-0.8761644691677661,-0.21805412891899761
421,0.39934903575976977,0.15748540053866816,-0.8763468350587755,-0.21848322804596418
422,0.39854005842095847,0.15792960091065794,-0.8765281792095514,-0.21891188647857343
423,0.3977307769611569,0.15837408842797915,-0.8767085010677294,-0.21934010424009653
424,0.3969211927637206,0.15881886262771627,-0.8768878000824742,-0.21976788135481196
425,0.3961113072121546,0.15926392304563802,-0.8770660757044821,-0.22019521784800555
426,0.3953011216901116,0.15970926921619866,-0.8772433273859812,-0.22062211374596877
427,0.3944906375813879,0.16015490067253804,-0.877419554580734,-0.22104856907599785
428,0.39367985626992097,0.1606008169464823,-0.8775947567440368,-0.22147458386639282
429,0.3928687791397869,0.16104701756854417,-0.8777689333327239,-0.22190015814645658
430,0.39205740757519714,0.16149350206792476,-0.8779420838051673,-0.2223252919464934
431,0.3912457429604952,0.16194026997251243,-0.8781142076212785,-0.2227499852978088
432,0.390433786680154,0.16238732080888443,-0.8782853042425103,-0.22317423823270716
433,0.3896215401187739,0.16283465410230824,-0.8784553731318576,-0.22359805078449216
434,0.3888090046610787,0.16328226937674034,-0.8786244137538601,-0.22402142298746477
435,0.3879961816919132,0.16373016615482808,-0.8787924255746009,-0.22444435487692216
436,0.38718307259623963,0.16417834395791026,-0.8789594080617117,-0.22486684648915736
437,0.3863696787591362,0.16462680230601762,-0.8791253606843719,-0.2252888978614576
438,0.3855560015657927,0.16507554071787303,-0.87929028291331,-0.22571050903210363
439,0.38474204240150855,0.16552455871089303,-0.8794541742208065,-0.2261316800403683
440,0.38392780265168924,0.1659738558011874,-0.8796170340806931,-0.22655241092651582
441,0.3831132837018447,0.16642343150356095,-0.8797788619683564,-0.22697270173180042
442,0.3822984869375842,0.16687328533151316,-0.8799396573607383,-0.22739255249846585
443,0.3814834137446157,0.16732341679723967,-0.8800994197363368,-0.22781196326974337
444,0.38066806550874155,0.16777382541163216,-0.8802581485752081,-0.22823093408985165
445,0.3798524436158569,0.16822451068427963,-0.8804158433589684,-0.22864946500399497
446,0.37903654945194454,0.16867547212346898,-0.8805725035707948,-0.22906755605836265
447,0.37822038440307476,0.16912670923618503,-0.8807281286954258,-0.22948520730012778
448,0.37740394985540054,0.16957822152811208,-0.8808827182191649,-0.22990241877744594
449,0.37658724719515524,0.17003000850363434,-0.8810362716298797,-0.23031919053945465
450,0.3757702778086498,0.17048206966583618,-0.8811887884170051,-0.23073552263627173
451,0.37495304308227007,0.17093440451650335,-0.8813402680715434,-0.23115141511899456
452,0.37413554440247343,0.17138701255612346,-0.8814907100860659,-0.23156686803969873
453,0.3733177831557858,0.17183989328388635,-0.8816401139547154,-0.23198188145143717
454,0.3724997607287995,0.17229304619768537,-0.881788479173206,-0.2323964554082391
455,0.37168147850816985,0.1727464707941178,-0.8819358052388258,-0.23281058996510884
456,0.370862937880612,0.17320016656848564,-0.8820820916504368,-0.23322428517802454
457,0.37004414023289883,0.17365413301479599,-0.8822273379084781,-0.23363754110393745
458,0.3692250869518574,0.17410836962576232,-0.8823715435149662,-0.2340503578007703
459,0.36840577942436636,0.17456287589280461,-0.8825147079734956,-0.23446273532741696
460,0.367586219037353,0.17501765130605051,-0.8826568307892417,-0.2348746737437406
461,0.36676640717779035,0.1754726953543359,-0.8827979114689619,-0.23528617311057282
462,0.365946345232694,0.17592800752520554,-0.8829379495209959,-0.235697233489713
463,0.3651260345891202,0.17638358730491419,-0.8830769444552677,-0.23610785494392617
464,0.3643054766341615,0.17683943417842646,-0.8832148957832875,-0.2365180375369431
465,0.3634846727549454,0.17729554762941876,-0.8833518030181517,-0.23692778133345838
466,0.36266362433862986,0.17775192714027904,-0.8834876656745461,-0.23733708639912926
467,0.3618423327724024,0.1782085721921078,-0.8836224832687445,-0.23774595280057523
468,0.36102079944347504,0.17866548226471957,-0.8837562553186139,-0.23815438060537614
469,0.36019902573908286,0.17912265683664225,-0.8838889813436116,-0.2385623698820715
470,0.35937701304648073,0.17958009538511924,-0.88402066086479,-0.2389699207001593
471,0.35855476275294085,0.1800377973861096,-0.8841512934047964,-0.23937703313009479
472,0.3577322762457486,0.18049576231428827,-0.8842808784878726,-0.23978370724328926
473,0.3569095549122013,0.18095398964304818,-0.8844094156398608,-0.24018994311210923
474,0.35608660013960397,0.18141247884449974,-0.8845369043881997,-0.24059574080987484
475,0.3552634133152674,0.18187122938947267,-0.8846633442619303,-0.24100110041085934
476,0.35443999582650465,0.18233024074751542,-0.8847887347916935,-0.24140602199028738
477,0.35361634906062867,0.18278951238689747,-0.8849130755097341,-0.2418105056243339
478,0.3527924744049485,0.18324904377460913,-0.8850363659499006,-0.2422145513901235
479,0.3519683732467678,0.18370883437636296,-0.8851586056476477,-0.2426181593657289
480,0.351144046973381,0.18416888365659387,-0.8852797941400361,-0.24302132963016965
481,0.3503194969720703,0.18462919107846015,-0.8853999309657343,-0.2434240622634113
482,0.3494947246301038,0.1850897561038453,-0.8855190156650221,-0.24382635734636424
483,0.34866973133473156,0.18555057819335702,-0.885637047779788,-0.24422821496088226
484,0.3478445184731828,0.1860116568063291,-0.8857540268535323,-0.24462963518976139
485,0.3470190874326639,0.18647299140082255,-0.8858699524313705,-0.2450306181167392
486,0.34619343960035476,0.18693458143362532,-0.8859848240600308,-0.24543116382649333
487,0.34536757636340604,0.18739642636025466,-0.8860986412878582,-0.2458312724046402
488,0.3445414991089368,0.187858525634956,-0.8862114036648139,-0.24623094393773395
489,0.34371520922403065,0.1883208787107056,-0.8863231107424783,-0.24663017851326538
490,0.3428887080957338,0.1887834850392102,-0.8864337620740508,-0.24702897621966072
491,0.342061997111052,0.18924634407090843,-0.8865433572143524,-0.2474273371462803
492,0.34123507765694694,0.18970945525497152,-0.8866518957198253,-0.24782526138341776
493,0.3404079511203344,0.1901728180393039,-0.8867593771485354,-0.2482227490222982
494,0.3395806188880808,0.19063643187054463,-0.8868658010601741,-0.248619800155078
495,0.3387530823470006,0.19110029619406754,-0.8869711670160572,-0.2490164148748424
496,0.33792534288385306,0.1915644104539824,-0.8870754745791285,-0.2494125932756054
497,0.3370974018853393,0.1920287740931363,-0.8871787233139603,-0.24980833545230807
498,0.3362692607381007,0.1924933865531131,-0.887280912786754,-0.25020364150081703
499,0.3354409208287143,0.19295824727423647,-0.8873820425653427,-0.2505985115179245
