,0,1,2,3
0,0.03033259003785254,0.0,-0.9995398611269065,0.0
1,-0.04505872678751627,0.09609598352986086,-0.9943352192540412,0.005722310786256585
2,-0.11348953068478528,0.1954023913973746,-0.9740774835709717,0.010539822635036175
3,-0.17380338319014266,0.29596410972407056,-0.9391578258807316,0.013424151141713407
4,-0.2250926409740913,0.3957409667814464,-0.8902485990825397,0.013409773367623416
5,-0.2667158592859449,0.4926545098540847,-0.8282883106267561,0.00962594436230947
6,-0.2983081959547424,0.5846362442195332,-0.754460684035327,0.0013260528088183034
7,-0.3197846055393013,0.6696761627612684,-0.6701683090297947,-0.012086383311877197
8,-0.33133579575833816,0.7458703827557555,-0.5770015095871851,-0.031035794030145676
9,-0.3334171011105504,0.8114667236780226,-0.47670317257181616,-0.05575731620386458
10,-0.3267306070360622,0.8649071060643613,-0.37113037469414023,-0.08628472219695321
11,-0.31220102760871893,0.9048657254488321,-0.26221372010378363,-0.12244387390700026
12,-0.29094599634134255,0.9302820553539084,-0.15191535312008353,-0.1638519154170974
13,-0.2642415693208275,0.94038785681909,-0.04218663918086576,-0.2099222695777862
14,-0.2334838590819425,0.934727515962621,0.06507348862455782,-0.25987535383098714
15,-0.20014781340719562,0.9131711920468774,0.1680585401510504,-0.3127547823556037
16,-0.16574422322281138,0.8759204324905774,0.2650919025465606,-0.3674486788900339
17,-0.131776086213212,0.8235060939487838,0.35466083160248535,-0.42271559098119216
18,-0.09969546665464925,0.7567785954544044,0.4354462210069575,-0.47721437530876054
19,-0.07086197694594473,0.6768907160661739,0.5063474768837201,-0.5295373182130089
20,-0.046503962788497784,0.5852733308899104,0.56650194764249,-0.5782456683030673
21,-0.027683403051343917,0.48360465124733454,0.6152984949084171,-0.6219066912736001
22,-0.01526543884926224,0.37377369290965023,0.6523849367535078,-0.6591313125338104
23,-0.009893326703441774,0.25783883678128106,0.6776692460000847,-0.6886113921216317
24,-0.011969470866089744,0.13798246574014192,0.6913145402372197,-0.7091556792214652
25,-0.021643033498352865,0.01646275656569672,0.6937280525646538,-0.7197235204105121
26,-0.038804452337211394,-0.10443622533681543,0.6855444191765877,-0.719455445911727
27,-0.06308701803150683,-0.2224549400744202,0.667603758077853,-0.7076998304314521
28,-0.09387548194102269,-0.33540809643440983,0.6409251390724973,-0.6840349178525069
29,-0.13032148444579314,-0.4412325021776743,0.6066761555768647,-0.648285609872955
30,-0.1713654182606609,-0.5380319064457563,0.5661394010718978,-0.6005345449053255
31,-0.21576417531844988,-0.6241177739571615,0.5206767248652666,-0.541127132071093
32,-0.26212407365985113,-0.6980450312900935,0.47169219153779185,-0.4706703525201608
33,-0.308938126290419,-0.7586419496028243,0.4205946948107579,-0.3900252929285956
34,-0.35462670053503664,-0.8050334725472967,0.3687611789860151,-0.30029353009833315
35,-0.397580526911783,-0.8366574593011123,0.3175013995734,-0.20279763727738145
36,-0.4362049532360063,-0.8532734865785424,0.2680251098230613,-0.09905622836958547
37,-0.46896430417179774,-0.8549640358690703,0.22141249280060588,0.009245908011344584
38,-0.4944251996961448,-0.8421280784716114,0.17858857111110069,0.12029191005065222
39,-0.511297708135263,-0.815467256528832,0.1403022206346815,0.2321703987806032
40,-0.5184732600526241,-0.7759650386240613,0.10711029337630963,0.34291562008226406
41,-0.5150583270812147,-0.7248593991228739,0.07936722083566444,0.4505492375582816
42,-0.5004029728841067,-0.663609727107728,0.05722032655956557,0.553122797437577
43,-0.4741235092486256,-0.5938588096024926,0.040610928361722594,0.6487598667711176
44,-0.43611863575060383,-0.5173908513959689,0.0292811608292416,0.7356968506547242
45,-0.38657860285332224,-0.4360865872623907,0.02278630096760461,0.8123215229907605
46,-0.3259871117145355,-0.35187660945778415,0.02051223789582759,0.8772083576944615
47,-0.25511584504490326,-0.26669407241880283,0.02169759497212468,0.9291498219964984
48,-0.17501170757716078,-0.18242794667921883,0.025459892950073698,0.9671828887714571
49,-0.08697703746948107,-0.10087797494490122,0.03082503875610758,0.9906101383035267
50,0.007456773287542385,-0.023712435553607983,0.03675933886330108,0.9990149488063668
51,0.10656164508355657,0.04757025657256704,0.04220317117254261,0.9922704161818429
52,0.20845040743978643,0.11167518197857412,0.04610540644133044,0.9705417934664736
53,0.3111187369214641,0.16753897576641053,0.04745765070500194,0.9342823954913722
54,0.41249043529382917,0.2143516511089987,0.045327384311768984,0.8842230706611353
55,0.5104649600315083,0.25157168412263053,0.03888910103990294,0.8213554955973951
56,0.6029660590867504,0.27893402876664125,0.02745260158537216,0.7469096959148395
57,0.687990329922823,0.29645091004235713,0.010487668225581961,0.6623263339796579
58,0.7636545200586461,0.3044054267283255,-0.012355560142564647,0.5692244287676944
59,0.8282404128590145,0.3033381766272481,-0.04123108344713606,0.4693652808478288
60,0.8802361974240263,0.2940272932585166,-0.07608685249353184,0.3646134644266285
61,0.9183733038515334,0.2774624487034003,-0.11666020737126193,0.2568958161364747
62,0.9416577928585154,0.25481352875087065,-0.16247910736993934,0.14815939518851212
63,0.9493955191119788,0.2273948198155088,-0.21286916839794526,0.04032941056766595
64,0.9412104374340773,0.1966256589760571,-0.2669663739278122,-0.0647318923655033
65,0.9170555866212843,0.16398858612428907,-0.3237351784998332,-0.1652644210631214
66,0.877216462872099,0.1309860984383829,-0.38199158251389,-0.2596465870574628
67,0.8223066793784076,0.09909714068527298,-0.4404306269789077,-0.34642797891715726
68,0.7532559959454831,0.06973446939619081,-0.497657640366621,-0.4243576102003322
69,0.6712909879377447,0.04420400465342779,-0.5522224696925507,-0.4924071074353285
70,0.5779088028200993,0.02366723070253501,-0.6026558469733609,-0.5497883301078094
71,0.4748446206547111,0.009107627198466355,-0.6475069823628296,-0.5959650536344225
72,0.3640335879662532,0.001302008616450908,-0.6853814380989427,-0.630658493889842
73,0.24756812862287358,0.0007975228421312382,-0.7149783238867371,-0.6538466043496726
74,0.12765164747914026,0.007894914391994629,-0.7351258648893398,-0.6657572305227368
75,0.006549729723481199,0.02263849677329671,-0.7448144278961658,-0.6668553572568054
76,-0.11346000098406807,0.04481310622761256,-0.7432261486787889,-0.6578248289681862
77,-0.23013817088754482,0.07394812985319814,-0.7297603826513367,-0.6395450572901994
78,-0.3413328940221746,0.10932851938395396,-0.7040542998001492,-0.6130633517351045
79,-0.4450267896558664,0.15001252229499923,-0.6659980610183601,-0.5795636137328414
80,-0.5393806650416505,0.1948556889333617,-0.6157441436210223,-0.5403322202737351
81,-0.622772832227438,0.24254055239836694,-0.5537105257069386,-0.4967219882419721
82,-0.6938331358675258,0.2916112310073749,-0.4805775886709919,-0.4501151528106705
83,-0.7514708996940896,0.34051207508924886,-0.3972787508548479,-0.40188631197215535
84,-0.7948961492871668,0.38762937379156215,-0.3049849992474675,-0.3533662839836554
85,-0.8236336343026734,0.4313350562585681,-0.20508363649296477,-0.3058077954052335
86,-0.8375293502710337,0.4700312670075686,-0.09915170349802968,-0.2603538652743212
87,-0.8367494440738773,0.5021946690034793,0.011075329901474171,-0.21800967715704087
88,-0.8217715736813129,0.5264193305013497,0.12373889574592514,-0.17961863723853846
89,-0.7933689770674164,0.5414570831673174,0.23689586885251446,-0.1458432056544145
90,-0.7525876828535046,0.5462542985498514,0.34855942514907823,-0.1171509627478464
91,-0.7007174617642685,0.5399841162005499,0.4567412651552846,-0.0938062350491708
92,-0.6392572693073535,0.5220732675138764,0.559494213865204,-0.07586746098590674
93,-0.5698760624703505,0.49222277192899877,0.6549541959196586,-0.06319032730612414
94,-0.4943699834128832,0.4504219332274037,0.7413805970200976,-0.055436557704799314
95,-0.41461698841310957,0.396955229514272,0.8171940587578794,-0.05208808895838623
96,-0.3325300586273837,0.33240186696448965,0.8810108135460635,-0.05246623068882385
97,-0.2500101591325826,0.2576279501503908,0.9316727476999553,-0.05575527620793461
98,-0.1689001135446768,0.17377140619270523,0.968272481932299,-0.06102991698396926
99,-0.09094053327172646,0.08221998148683739,0.9901728771312007,-0.06728571502391335
100,-0.017728883916203413,-0.015417196180113403,0.9970205063656655,-0.0734718083579155
101,0.04931731205301647,-0.11734383504258333,0.9887527783483404,-0.0785249668436858
102,0.10899224535949853,-0.22161567481949057,0.9655985495337137,-0.08140408014458038
103,0.1603278018166318,-0.3261837318778531,0.9280722179092112,-0.08112414787201286
104,0.20261314397848487,-0.4289405616002304,0.8769614475159501,-0.07678885382633577
105,0.2354074442163741,-0.5277684266572646,0.8133088249831294,-0.06762084172643602
106,0.25854549548031786,-0.6205882084267572,0.7383878941362626,-0.052988867901847876
107,0.272136107034053,-0.7054078760009431,0.6536741484914531,-0.032431085676607845
108,0.2765533753797369,-0.7803693336897876,0.5608116808968655,-0.005673814613148257
109,0.2724211008257205,-0.8437925035391719,0.46157629180461085,0.02735473706519352
110,0.2605907931804335,-0.894215563292798,0.35783594015561876,0.06651619958687896
111,0.24211387154422345,-0.930430350886219,0.25150948163026965,0.11145948145262573
112,0.21820880907724766,-0.9515120617551567,0.14452467659134755,0.16162403853296226
113,0.19022410029701595,-0.9568425021425674,0.03877646353128553,0.2162489390395853
114,0.1595980327392161,-0.9461263168329996,-0.06391351706221106,0.2743875414054606
115,0.12781632409873445,-0.9193997795051566,-0.16183519847975153,0.33492745673171603
116,0.0963687382805858,-0.8770319139882284,-0.2534252714012109,0.39661532994020005
117,0.0667058178363199,-0.8197179006904186,-0.3372984633723106,0.4580858475888087
118,0.040196865453082445,-0.748464909747337,-0.4122742016810037,0.5178942686620006
119,0.01809027363659834,-0.6645706863879132,-0.47739806384824024,0.5745516803801057
120,0.001477240342699207,-0.5695953900918166,-0.5319575508800843,0.6265621065854389
121,-0.008740179379474588,-0.46532735296506694,-0.575491860338221,0.67246054347552
122,-0.011875847450594019,-0.3537435703417038,-0.6077954856322403,0.710850967738177
123,-0.007480437299586848,-0.23696586428431862,-0.6289156209975104,0.740443356298852
124,0.0046441053860877685,-0.11721376525360641,-0.6391435045878405,0.7600887751199904
125,0.024436924880514257,0.0032447638326090836,-0.6389999811810682,0.7688116363977904
126,0.05157765475478278,0.12214358557053293,-0.6292157074689245,0.765838288092435
127,0.0854928878873706,0.23726842998156764,-0.6107065532756305,0.7506211854464006
128,0.12536956912384856,0.34650552915726923,-0.5845448680994701,0.722857998904151
129,0.17017498454960533,0.4478876895249946,-0.5519273812370906,0.6825051340805205
130,0.2186828513898673,0.5396367110144756,-0.5141405830030228,0.6297852741552363
131,0.26950485494880877,0.62020115348894,-0.4725244922618438,0.5651886999778882
132,0.3211268377225936,0.6882885663065341,-0.42843575025310804,0.4894682946739666
133,0.3719487244404715,0.7428914339228571,-0.38321099169092215,0.4036282939022073
134,0.42032716837773265,0.7833062456247436,-0.3381314311373208,0.3089069963044759
135,0.46461983134471974,0.809145266942587,-0.29438956605823563,0.20675379730892274
136,0.5032301641504449,0.820340769815142,-0.2530588387407922,0.09880104960666462
137,0.5346515372480272,0.8171416637214133,-0.2150670189141936,-0.013168618161533635
138,0.5575095831584784,0.8001026561576416,-0.18117396953465822,-0.1272587798896488
139,0.570601652880923,0.7700662534100371,-0.15195434230404137,-0.24149864791243547
140,0.5729323568531942,0.7281380870355588,-0.12778562003967509,-0.35388455178195655
141,0.5637442554538881,0.6756562134987307,-0.10884178328509078,-0.4624224927645927
142,0.5425428822088483,0.6141551800199022,-0.09509273208837138,-0.5651707778390594
143,0.5091154218590116,0.5453257752795323,-0.08630944438373486,-0.6602817321804906
144,0.46354252181690164,0.47097148610519435,-0.0820747036731481,-0.746041508738258
145,0.40620288540240523,0.39296275813226267,-0.08179908447731656,-0.8209070570963071
146,0.337770474380922,0.3131902078052933,-0.08474174795302176,-0.8835393802911289
147,0.2592043322687973,0.233517953790575,-0.0900354755933202,-0.9328322960346263
148,0.17173122403819882,0.15573822743297663,-0.09671525918256653,-0.9679360256998527
149,0.0768214676522313,0.08152838457009248,-0.10374967294218193,-0.9882750578566365
150,-0.023841496198635202,0.012411375792287002,-0.11007418140656008,-0.9935598700620049
151,-0.12839709197887011,-0.05027935921825098,-0.11462548584384125,-0.9837922396537978
152,-0.23484830990151337,-0.10542972299622014,-0.11637598426957642,-0.95926402785189
153,-0.3411061542078716,-0.15216880331987503,-0.11436741600161947,-0.9205494777657661
154,-0.4450367776182037,-0.18988616791043758,-0.10774278138519541,-0.8684912220989205
155,-0.544510170009094,-0.21824221830705176,-0.0957756702929633,-0.8041803466169873
156,-0.6374492267916074,-0.23717138741615956,-0.07789619820463523,-0.7289309971177922
157,-0.721878008825341,-0.2468781472299042,-0.053712834463101204,-0.644250147232136
158,-0.7959680213841224,-0.2478259756338948,-0.023029511539397828,-0.5518032587192739
159,-0.8580813843375334,-0.24071960950365112,0.014142475798346231,-0.45337666220493245
160,-0.9068098382568237,-0.2264810809516074,0.05757813964144407,-0.3508375621951735
161,-0.9410086298287892,-0.20622019038198824,0.1068382523037,-0.2460926238456813
162,-0.9598244423512331,-0.1812002100135249,0.1612746515311611,-0.14104612908444153
163,-0.9627166801832646,-0.15279973123724294,0.22004131479731492,-0.03755869557119772
164,-0.9494715763113696,-0.1224716655965732,0.2821109711504164,0.06259246647457939
165,-0.9202087657186645,-0.09170047990268648,0.346296875690234,0.15775082683564504
166,-0.875380149730232,-0.061958789268152764,0.41127923736677036,0.24641446954614546
167,-0.8157610634484319,-0.03466444658396056,0.47563566881470387,0.3272659072615124
168,-0.742433945173087,-0.011139252822499793,0.5378749204580248,0.39919709924241
169,-0.6567648887099067,0.007429630109898729,0.5964730728493671,0.461329117788945
170,-0.5603736322108038,0.020024552339046656,0.6499112934051258,0.5130260425465439
171,-0.455097696395916,0.02582761892897362,0.696714218108311,0.5539028065656615
172,-0.3429515267480129,0.024245505848401953,0.7354879965709328,0.5838268687268844
173,-0.2260816150469028,0.01492819136438836,0.7649570406876309,0.6029137403831446
174,-0.10671867244666032,-0.0022188987833698277,0.7839985429835754,0.6115165460059474
175,0.012872003193694692,-0.02702966527423632,0.7916738800741603,0.610209944475888
176,0.13044078056621403,-0.059079183647674116,0.7872560882369792,0.5997688757835063
177,0.24380337024247217,-0.0976926013154392,0.770252690216227,0.5811427238822672
178,0.3508887396152084,-0.14196087617666772,0.7404232627902754,0.5554255971463768
179,0.4497841300430249,-0.19076297390814687,0.6977912606290709,0.5238235206029321
180,0.5387761116984411,-0.24279397450850937,0.6426497504529195,0.4876194065542008
181,0.6163867105665758,-0.29659838584673454,0.5755608570657558,0.4481367206152149
182,0.6814037645572586,-0.35060782666182194,0.4973488758323865,0.4067027873508243
183,0.7329048087249285,-0.4031821271036196,0.4090871608178963,0.36461268297472915
184,0.7702739495790614,-0.45265280439362887,0.31207905028131877,0.3230946419394288
185,0.7932113614356948,-0.49736780682321835,0.20783323773574544,0.28327786026703056
186,0.8017352194102598,-0.5357363827443582,0.09803413371900682,0.24616351229850558
187,0.7961760694742575,-0.5662729234005622,-0.015492112638458266,0.21259971087915258
188,0.7771638213836323,-0.5876386496286236,-0.13081515529118354,0.18326103606926744
189,0.7456077306397908,-0.5986800621452646,-0.24594069013195347,0.15863313694603343
190,0.7026699064994948,-0.5984631521142941,-0.35885245682219974,0.13900277800850824
191,0.6497330401810231,-0.5863024710815185,-0.46755502396136867,0.1244535594883265
192,0.5883631869406581,-0.5617842846428803,-0.5701163563538254,0.11486739310681808
193,0.5202685541762487,-0.5247831792770806,-0.6647091659212305,0.10993166524480903
194,0.44725534224147123,-0.4754716530314341,-0.7496500749439495,0.10915187188751531
195,0.37118175291252764,-0.4143223941949843,-0.823435671148727,0.11186936780533477
196,0.2939113207820525,-0.34210313341387016,-0.88477460745591,0.11728373981844319
197,0.21726673430427765,-0.25986413938776315,-0.9326149931675813,0.12447919402072204
198,0.14298529554298595,-0.16891861173164321,-0.9661664357151246,0.13245424253935192
199,0.07267712136834976,-0.07081640221964051,-0.984916220034582,0.14015388941826096
200,0.0077871151126181135,0.0326883369872839,-0.9886392530570727,0.1465034497135937
201,-0.050438361586051784,0.13967482657355257,-0.9774015502390125,0.15044309253846944
202,-0.10097930932557125,0.24809776850825174,-0.951557195838688,0.15096217869707892
203,-0.14306373867299904,0.35583289037722676,-0.9117388649670997,0.14713246722323198
204,-0.1761826384632054,0.4607248377076339,-0.8588421494599592,0.1381392925072914
205,-0.2000979289500379,0.5606362645094602,-0.7940040775504288,0.1233098640826424
206,-0.21484324305179403,0.6534969386657443,-0.7185763555374567,0.10213791329371112
207,-0.22071756143243043,0.7373516743636096,-0.6340939847530452,0.07430400317955464
208,-0.21827190862084467,0.8104059286179321,-0.5422400160706545,0.039690927673929496
209,-0.20828949323908608,0.8710679525171562,-0.444807294305725,-0.0016062491069047061
210,-0.19175984127569437,0.91798646882129,-0.34365811394486595,-0.049275826272098644
211,-0.16984762304532056,0.9500829539885269,-0.24068275403270903,-0.10279094025019632
212,-0.14385700822048014,0.9665777319896697,-0.1377578826372835,-0.16141689805856813
213,-0.11519249575774361,0.9670092362104453,-0.03670581959009149,-0.22422423779112566
214,-0.08531725385697633,0.951245960674146,0.06074437975798819,-0.2901072367646914
215,-0.05571006708250256,0.9194907986749288,0.15299310652151327,-0.3578074467289641
216,-0.02782202189381863,0.8722776513333091,0.2386028045331406,-0.4259417046393878
217,-0.003034067235873473,0.810460376017837,0.3163262516130622,-0.49303395002926353
218,0.017383436600481163,0.7351943303937223,0.3851298769509113,-0.5575500789782593
219,0.032308119319470224,0.6479109474713678,0.444211601393461,-0.6179349826318713
220,0.040798969252071944,0.5502859460012146,0.4930128253288951,-0.6726508572823925
221,0.04212478993803377,0.44420193472317493,0.5312243355049465,-0.720215834752469
222,0.03578699123133802,0.3317063045260282,0.5587860538507187,-0.7592419672398495
223,0.02153610658900661,0.2149654161602396,0.5758807044058215,-0.7884716103076245
224,-0.000618411188354661,0.09621617997930702,0.5829216249836248,-0.8068112811582633
225,-0.030405391407592457,-0.02228381392451199,0.5805350944645921,-0.8133621259348855
226,-0.06729624053135302,-0.13830642339067975,0.5695376810478745,-0.8074462081933568
227,-0.11051624535435924,-0.24970214370006702,0.5509092380530212,-0.7886279289831195
228,-0.15906261890466494,-0.35444718814102716,0.5257622789596919,-0.7567300047634038
229,-0.21172885020772148,-0.4506873427395629,0.4953085497114351,-0.7118435598267521
230,-0.2671347564382319,-0.5367775595038138,0.46082368177103333,-0.6543320317963988
231,-0.3237614883215058,-0.6113163590946237,0.42361085240623275,-0.5848287386122555
232,-0.3799906106621367,-0.6731742430536198,0.3849643981765209,-0.5042281095242397
233,-0.4341462728383275,-0.721515464378657,0.3461343231438184,-0.41367073716279523
234,-0.48453940172171106,-0.7558126696316741,0.3082926151029386,-0.3145225589308287
235,-0.5295127938661044,-0.7758541018077447,0.27250223187722644,-0.20834862001496862
236,-0.5674859563869497,-0.7817432365110588,0.23968954678272017,-0.09688200367404878
237,-0.5969985474535633,-0.7738909100213859,0.21062094960601607,0.018011366179949292
238,-0.6167512977434763,-0.7530001819770482,0.1858841892360003,0.13437124270597064
239,-0.6256433528424715,-0.720044353082779,0.1658749192447404,0.2501840038915123
240,-0.6228050619899703,-0.6762387250723132,0.1507887713985604,0.3634250787883976
241,-0.6076253486708602,-0.6230068419901111,0.14061913775421547,0.47210186250785685
242,-0.579772930625841,-0.5619420849547409,0.13516069331297592,0.5742961161747461
243,-0.5392108076266736,-0.4947656036485739,0.13401854193059992,0.6682048584106873
244,-0.486203601102279,-0.4232816541163693,0.13662272209007842,0.7521787894991334
245,-0.42131750629290826,-0.34933147193997194,0.1422476699312555,0.8247573473467851
246,-0.34541280066267477,-0.274746841049917,0.15003610811738569,0.8846995742806975
247,-0.25962903726118114,-0.2013045206057364,0.15902671396135745,0.9310100736518262
248,-0.16536323398596503,-0.1306826655192023,0.16818482164741894,0.9629594527008511
249,-0.06424154471520617,-0.06442032102553147,0.1764353338646805,0.9800987802949408
250,0.04191493831318199,-0.0038809896511495003,0.1826969597328895,0.9822677317156899
251,0.15112945378704895,0.04977883792421055,0.18591686003619606,0.9695962441383629
252,0.2613129868571426,0.09563542554638192,0.18510476840504522,0.9424996620657626
253,0.37031079979522086,0.1330171929978223,0.17936566852853597,0.901667507940325
254,0.47595096618652544,0.16151732418170828,0.16793014246837526,0.8480461656218052
255,0.5760937439079473,0.18099930396135186,0.15018156281687522,0.7828159096400038
256,0.668680597627657,0.19159528599587947,0.12567938036167245,0.7073628475488242
257,0.7517816863366089,0.19369737645279425,0.09417785711755913,0.6232464630248064
258,0.8236406654027072,0.18794209851344867,0.05563970960624373,0.5321635506273205
259,0.882715715014506,0.17518847559910214,0.01024425622600375,0.435909416849499
260,0.9277157961383152,0.15649033289290312,-0.04161019777839243,0.33633728420643355
261,0.9576312490669395,0.133063562963012,-0.09930985736560312,0.23531687413381008
262,0.9717579854920947,0.10624922844030144,-0.16203478600734855,0.13469315948383037
263,0.9697146794448148,0.07747347958499942,-0.2287739243894676,0.036246268079280566
264,0.9514525316135739,0.04820534456645215,-0.29834545258001727,-0.05834651460180641
265,0.9172573612987754,0.01991350337834668,-0.36942203041936467,-0.14754575211519425
266,0.8677439661587658,-0.0059768188060078595,-0.44056032379585314,-0.22998105993517365
267,0.803842877358941,-0.028125706983797447,-0.5102341118255606,-0.30447778942895587
268,0.7267798221240297,-0.045318061199244725,-0.5768701746160086,-0.37007859316772407
269,0.6380483824616918,-0.05649971234063722,-0.6388860856914863,-0.42605940155482325
270,0.5393765036098452,-0.06080919719494701,-0.694728979232685,-0.4719394816122501
271,0.43268765449389623,-0.057604352220357626,-0.7429143314365567,-0.5074853972283483
272,0.32005757149504355,-0.04648301800430278,-0.7820637883602348,-0.5327088425223907
273,0.20366762294723142,-0.02729729693219399,-0.8109410898066252,-0.5478584724237352
274,0.0857559123880887,-0.00016097141323007796,-0.8284851797677407,-0.5534060032958671
275,-0.03143270829076178,0.034550135051744923,-0.8338396577007484,-0.5500269977582123
276,-0.1456965203120652,0.07620489102027239,-0.8263778099372585,-0.5385768782605188
277,-0.25492552364603277,0.12393053971068818,-0.8057225647527145,-0.5200628302129658
278,-0.3571475706020481,0.17663300787330277,-0.7717608355033131,-0.4956123546945883
279,-0.45057095376762923,0.23302334722994894,-0.7246518508080265,-0.466439310508004
280,-0.5336224440527287,0.2916496564650732,-0.6648292157045885,-0.433808343664133
281,-0.6049798885036834,0.3509336896305014,-0.5929965994693529,-0.39899863785002304
282,-0.6635986131500017,0.40921123449254937,-0.5101171006175113,-0.3632679312133957
283,-0.7087310300576031,0.4647752449031216,-0.4173964936669915,-0.32781773264000347
284,-0.7399390161509144,0.5159206372431954,-0.3162607117461094,-0.2937606349564866
285,-0.7570988100434626,0.5609896142612513,-0.2083280603503757,-0.26209056410415366
286,-0.7603983576404391,0.5984163614216341,-0.09537678700807042,-0.23365672380788188
287,-0.7503272230632203,0.6267699716869294,0.0206912539142112,-0.20914189664737007
288,-0.7276593638842161,0.6447944942573902,0.13789000538858243,-0.18904564724137263
289,-0.6934292442267771,0.6514450702313566,0.25419076859132317,-0.17367284440953235
290,-0.648901921655638,0.6459192117897997,0.3675649538793137,-0.1631277799522962
291,-0.5955378899422976,0.6276823990444165,0.4760270245096886,-0.1573140156164567
292,-0.5349535861278174,0.596487307222746,0.5776766292131779,-0.15593994059268146
293,-0.46887857371146036,0.5523861329681318,0.6707389376581949,-0.15852987329830587
294,-0.39911049172950264,0.4957356583385439,0.7536022347892685,-0.1644403969944781
295,-0.32746891005464823,0.4271948703813782,0.8248518949695525,-0.17288148261915226
296,-0.255749253226703,0.3477151384858697,0.8832999432135158,-0.18294182753196905
297,-0.1856779480180179,0.2585231364861385,0.9280095164425022,-0.1936177288198176
298,-0.11886991396686215,0.1610968771046734,0.958313660037405,-0.2038447171901811
299,-0.05678945222378524,0.0571353982872628,0.9738280309903238,-0.21253110463221173
300,-0.0007154978909028817,-0.051477200004189316,0.9744572253242288,-0.21859254780504359
301,0.048287913111982245,-0.16271252787716198,0.9603946005558439,-0.22098670082676222
302,0.08939524685379098,-0.27444252418271803,0.9321156200547583,-0.21874702651716801
303,0.12203658097326746,-0.3844868613833579,0.8903649013636358,-0.2110148543293842
304,0.14590782485195564,-0.4906620040997055,0.8361373010743763,-0.19706881572661808
305,0.16097383052394168,-0.5908307445088352,0.7706535110067095,-0.17635085257128202
306,0.1674643559706699,-0.6829510223943174,0.6953307707210893,-0.14848807958317808
307,0.16586302456483648,-0.7651228516284556,0.611749416625823,-0.11330988595928854
308,0.15688960258001197,-0.8356322178866299,0.5216160852928785,-0.07085978122948136
309,0.14147608639824372,-0.8929908834151583,0.42672446570701905,-0.021401623347615355
310,0.12073724806765442,-0.9359711319670648,0.32891455017087107,0.0345799904458361
311,0.09593642824640863,-0.9636346081994872,0.23003136515664682,0.0963852408811218
312,0.06844748579842327,-0.9753545479142001,0.13188417079789985,0.16311043205114004
313,0.03971391036667603,-0.9708308550211558,0.03620710081578015,0.23366493556542722
314,0.011206175710490844,-0.95009765408263,-0.055377826058875104,0.3067933599568595
315,-0.015621544334488561,-0.9135231294866707,-0.14139445561549566,0.38110243657930126
316,-0.039374159831502734,-0.861801649206871,-0.22054222575723015,0.4550919902832027
317,-0.05875682450261757,-0.7959383581181285,-0.29172119294122567,0.52718925561845
318,-0.07261338895079703,-0.7172266083380086,-0.35405179831484246,0.595785709921834
319,-0.07996113433089361,-0.6272187675461632,-0.40688894783707286,0.6592755256813562
320,-0.08002086850287451,-0.5276911064186629,-0.44983012414156726,0.7160946978057221
321,-0.07224158509402764,-0.42060360924853446,-0.48271739779940864,0.7647598780872175
322,-0.05631902466028883,-0.3080556739855046,-0.5056333582282422,0.8039059498681921
323,-0.032207632782262435,-0.192238766309209,-0.5188911359603939,0.8323214007462538
324,-0.00012557854566800503,-0.07538716453345248,-0.5230188345503386,0.8489805995187686
325,0.0394473258005507,0.04027202364204717,-0.5187388284230642,0.8530721543253111
326,0.0857787816025043,0.15256837633480771,-0.506942509009516,0.8440226203891036
327,0.13790003325789618,0.2594360226495683,-0.48866117245760216,0.8215149356594849
328,0.19462839020451125,0.35895871904929944,-0.4650338353031349,0.7855010883303345
329,0.2545956941354797,0.44941106930194996,-0.4372728374399489,0.7362086585702223
330,0.31628203052016746,0.5292949176471704,-0.406628142755451,0.6741410244467879
331,0.3780538472945983,0.5973700657908094,-0.3743512756604451,0.600071175323587
332,0.4382055282159758,0.6526786059708111,-0.3416598357862103,0.5150292311699367
333,0.4950033767771173,0.6945623211131802,-0.3097035132906766,0.4202839194217824
334,0.5467309010805862,0.7226727750550604,-0.2795324840511451,0.3173184084764453
335,0.5917342523597525,0.7369738966737983,-0.2520689986501669,0.20780103494733318
336,0.6284666608911567,0.737737047027788,-0.22808289316714786,0.09355158702844805
337,0.6555307331379127,0.7255287436842457,-0.20817164556750928,-0.02349608438331201
338,0.6717175226387498,0.701191396685524,-0.19274548158956795,-0.14133426449756598
339,0.6760413632390465,0.6658175816192591,-0.18201790151364988,-0.2579234512895976
340,0.6677695548897714,0.6207185327713417,-0.17600185742099464,-0.37123533078206494
341,0.6464461169185907,0.567387679459373,-0.1745116631052525,-0.4792956483829399
342,0.6119089683277065,0.5074601679078535,-0.17717056942097906,-0.5802259747702652
343,0.5643000557166508,0.44266940649959885,-0.18342379032339198,-0.6722833902536032
344,0.5040681228746354,0.37480174157996543,-0.19255662290530157,-0.7538971607491131
345,0.43196399763134624,0.30565041251524216,-0.20371717196365227,-0.82370155027579
346,0.34902845668791793,0.23696994742330624,-0.21594306939083358,-0.8805640074533537
347,0.25657291326613946,0.17043214463170167,-0.22819147403087803,-0.9236080745824935
348,0.15615335093174662,0.1075847399318626,-0.2393715512219058,-0.9522304947817006
349,0.049538095418293744,0.04981378725686805,-0.24837856525927574,-0.9661121322192354
350,-0.06132982949968677,-0.0016893176308501283,-0.25412867414096757,-0.9652224692778506
351,-0.17437487991287776,-0.045955362003780975,-0.25559349532359055,-0.9498175988613493
352,-0.2874347066724779,-0.08225872233503032,-0.2518335143664127,-0.9204317861969878
353,-0.39830832024046264,-0.11013214217407657,-0.24202943521563486,-0.8778628285652446
354,-0.5048055548614381,-0.12937454229668005,-0.2255106208287818,-0.823151589611525
355,-0.6047966460749626,-0.14005170205794457,-0.20177984462658866,-0.757556223622787
356,-0.6962607293989359,-0.14248983296390036,-0.1705336651030938,-0.6825217309839253
357,-0.7773320911697716,-0.13726224670579296,-0.1316778455351304,-0.599645595883212
358,-0.846343054478467,-0.12516949571829716,-0.08533736537225592,-0.5106403485321221
359,-0.9018624626339822,-0.10721353031161446,-0.03186070643991043,-0.41729396448431616
360,-0.942728827673444,-0.08456656842073491,0.02818175786835507,-0.32142906138438326
361,-0.9680773395418897,-0.058535508197487075,0.09400529233561068,-0.2248618775125253
362,-0.9773600795326143,-0.030522826676492917,0.16462411954034958,-0.129362016269226
363,-0.9703589457664034,-0.001984996739587755,0.23887025200047213,-0.03661391632002231
364,-0.9471909748465835,0.02561048264595979,0.3154174176439431,0.051819040850271746
365,-0.9083059280059171,0.050828313005151726,0.39280952756947596,0.13452694450187286
366,-0.8544761975150722,0.07230774359299873,0.4694930165642616,0.21028153864299576
367,-0.786779275224617,0.08880292573551772,0.5438522846925037,0.2780595347989063
368,-0.7065732052685904,0.09922021159034729,0.6142473850540271,0.33706053634729755
369,-0.6154656127227381,0.10265141251274808,0.679053040664016,0.38671919402832544
370,-0.5152770551952748,0.09840213512086379,0.7366980339264009,0.4267113579481013
371,-0.4079995811075193,0.08601443851637004,0.7857039964044452,0.45695414235663684
372,-0.29575149342603757,0.0652832007834037,0.8247226349830884,0.4775999719203192
373,-0.1807294080095105,0.03626574322570401,0.852570462916805,0.4890248283171771
374,-0.06515875931448843,-0.0007155672198019079,0.8682601599135921,0.49181106001692315
375,0.04875605858686696,-0.04507783765775687,0.8710277629906984,0.4867252524808977
376,0.15888072173384046,-0.09598920915441156,0.8603549874716846,0.47469177738806706
377,0.2631980061579307,-0.15238719472271742,0.8359860927993014,0.4567627448524977
378,0.359851699412788,-0.21300335916397842,0.7979388379917438,0.43408516933773866
379,0.4471863547536167,-0.2763937412230381,0.746509213377815,0.4078662259576506
380,0.5237819538895977,-0.3409742699910337,0.6822697852213516,0.3793375174665493
381,0.5884826719483582,-0.405060297529593,0.6060616442928543,0.34971929243151695
382,0.6404190856066417,-0.46690926158127266,0.5189801045576358,0.3201855513819018
383,0.6790233285811921,-0.5247654087167709,0.42235445009448447,0.2918309502815365
384,0.7040368737687236,-0.5769054514809457,0.31772217338327563,0.26564036019802095
385,0.715510803915572,-0.6216840045003581,0.20679828261532215,0.2424618698596706
386,0.7137986182421889,-0.6575776448645158,0.09144037635945099,0.22298392574627912
387,0.6995418063350101,-0.6832264714283472,-0.026389712232074012,0.20771719480445539
388,0.6736485982811045,-0.6974720953159775,-0.14466681504369297,0.19698161059995606
389,0.6372664670533215,-0.6993910784406634,-0.2613449228572459,0.19089892787474022
390,0.5917491114168918,-0.6883229462230792,-0.3744002839800041,0.189390966510526
391,0.5386187813567858,-0.6638920321996928,-0.4818741023394222,0.19218357746194267
392,0.4795249199178295,-0.6260225626175808,-0.581913838376776,0.19881621406998157
393,0.41620018265353037,-0.5749465546917762,-0.6728121489632161,0.20865684607679746
394,0.3504149564575192,-0.5112042788521434,-0.7530425589070564,0.22092181433452024
395,0.28393153193531223,-0.4356372186469128,-0.8212910350379132,0.23470009516146864
396,0.21845908689957838,-0.34937364744460925,-0.8764827324140415,0.24898132781851828
397,0.15561061300068402,-0.2538071240749149,-0.917803298475306,0.2626868595842305
398,0.09686286361937821,-0.1505683855171405,-0.9447142520955232,0.2747029829139273
399,0.043520320342484396,-0.04149127930055005,-0.9569620972408093,0.2839154802115748
400,-0.0033159303221661565,0.07142647267980903,-0.954580981801714,0.28924455533181176
401,-0.04277364617561237,0.18606675742497383,-0.9378888674199852,0.2896792180047839
402,-0.07422858746651209,0.3002377723424181,-0.907477331954175,0.28431019828863524
403,-0.09731692891682554,0.4117228340242828,-0.8641952787893831,0.2723605026565856
404,-0.1119406437738312,0.5183301283956516,-0.8091269727442642,0.25321278057504776
405,-0.1182657579762407,0.6179422100446237,-0.7435649572902373,0.22643274901265972
406,-0.11671355472794977,0.7085640615608942,-0.6689785288646287,0.19178802028596517
407,-0.1079449896539527,0.7883685559838358,-0.586978548269918,0.14926179355583466
408,-0.09283874974772724,0.855738226222151,-0.49927945396432666,0.09906099927079771
409,-0.07246355115939414,0.9093023330733851,-0.40765940540685025,0.04161862568617008
410,-0.048045417454688606,0.9479683360941504,-0.3139195249987388,-0.022409896230566707
411,-0.020930807614967722,0.9709470062809982,-0.21984322361114653,-0.09215622235538308
412,0.007453431456992081,0.9777705730017213,-0.12715658684843997,-0.16655436155338676
413,0.035642232459380696,0.9683034660843833,-0.0374907673134125,-0.2443613537377081
414,0.06217548589451469,0.9427453932709586,0.047652726941375886,-0.32418289596339717
415,0.08564109389575555,0.9016266789499107,0.1269330344563028,-0.40450332459178284
416,0.10471676772949733,0.845795977613953,0.19919651626924312,-0.48371924782309206
417,0.11820946887182666,0.77640066021612,0.26349830311426925,-0.560176026388946
418,0.12509145334909177,0.6948603489607451,0.31911833990995114,-0.6322062233751592
419,0.12453196526254456,0.6028342416892795,0.36557159336135725,-0.6981690889763041
420,0.11592373592564151,0.5021830168199083,0.4026122360840942,-0.756490113895789
421,0.09890357705482,0.39492624008343497,0.4302317722998576,-0.8056996769535453
422,0.07336650665692601,0.2831963018593866,0.44865122205730973,-0.8444698285081654
423,0.03947301087755904,0.16918999611391794,0.45830762930366997,-0.8716482911985107
424,-0.002350780020536342,0.055118906763056044,0.45983530026980984,-0.8862888223239155
425,-0.0514200425854812,-0.056840206601610876,0.45404230901835707,-0.8876771664041306
426,-0.10680519690796927,-0.1645938349011604,0.44188292339796953,-0.8753519300459904
427,-0.1673525091508511,-0.2661778013804507,0.4244267041590624,-0.8491198316668042
428,-0.23171086870638283,-0.35979990356918207,0.4028251101548069,-0.8090649129357375
429,-0.29836408969751954,-0.44387810758641677,0.37827650140129554,-0.7555514436966299
430,-0.36566794348923237,-0.5170733992935999,0.3519904678642519,-0.6892204040653617
431,-0.43189100550370824,-0.5783165309453306,0.3251524243100674,-0.6109795826094729
432,-0.49525829906183955,-0.6268280546100384,0.2988894001337317,-0.5219874841908276
433,-0.5539966437599164,-0.6621312009255911,0.2742379180818424,-0.42363139136485745
434,-0.6063805679574893,-0.6840573395457995,0.2521147981441725,-0.31750006547052534
435,-0.6507776255435165,-0.6927439414954185,0.23329164407794115,-0.20535170419732868
436,-0.6856919667937501,-0.6886251490075833,0.21837367207227798,-0.0890778882466303
437,-0.709805051638264,-0.6724152406611302,0.20778342645248343,0.029335652150522324
438,-0.7220124601073973,-0.6450854542390408,0.20174979897859438,0.14785054207196072
439,-0.7214558475031373,-0.6078347923616003,0.20030262946741997,0.26441857333912405
440,-0.7075492086762546,-0.5620555825803587,0.2032730196822362,0.3770248252583983
441,-0.6799987538018929,-0.5092946906228926,0.21029934338166958,0.48373008910387466
442,-0.6388158538294075,-0.45121138972235597,0.22083878687577901,0.5827116069654568
443,-0.5843226834828197,-0.38953296788425307,0.23418411016221935,0.6723011758477423
444,-0.517150369101086,-0.3260092066088191,0.2494851823643775,0.7510197312491288
445,-0.43822963328221065,-0.2623668877526275,0.26577472021916615,0.8176076093192615
446,-0.348774113646026,-0.20026547934444736,0.28199754793467335,0.8710497909948676
447,-0.2502567144505589,-0.14125511645909716,0.2970426036591459,0.91059555267854
448,-0.14437952277257385,-0.08673793061146025,0.30977684444109127,0.9357720830658057
449,-0.03303798118821864,-0.03793369217068914,0.3190801497869538,0.9463917713131511
450,0.0817198476301526,0.004149382722044216,0.32388029506869187,0.942553024286989
451,0.19773796582899228,0.03873794345291606,0.3231870608523557,0.9246346263819365
452,0.31280001647540795,0.06531036917100132,0.31612456286980556,0.8932838105115852
453,0.424678618669939,0.08360678663323227,0.3019609293997734,0.8493983595401478
454,0.5311852834006545,0.09363201805864602,0.28013451723286403,0.7941031999353352
455,0.6302197147046231,0.09565141646484426,0.2502759425773701,0.7287220802836306
456,0.7198173129161447,0.09017972782116646,0.21222530710417825,0.6547450433113802
457,0.7981937380972371,0.07796329742876563,0.16604411924505694,0.5737924983655034
458,0.8637854611644123,0.05995610775010526,0.11202154385729636,0.4875767795294083
459,0.9152853260492312,0.037290292190417844,0.05067475612655012,0.39786213079257454
460,0.951672266107197,0.01124191012960069,-0.01725667547311727,0.30642409260800985
461,0.972234458969054,-0.016807110723921465,-0.09082230093919198,0.2150092729962576
462,0.9765853626381944,-0.045409860869387086,-0.16887796893437176,0.1252964709209773
463,0.9646722479651372,-0.07309708844857304,-0.2501083041747687,0.03886008040463843
464,0.9367770244234813,-0.09842047071234199,-0.3330539745763431,-0.04286335819722775
465,0.8935093428846747,-0.11999538023328117,-0.41614311671552773,-0.11860467659731823
466,0.8357921462302987,-0.13654202103295526,-0.49772617947327696,-0.18728698582369047
467,0.7648400215324582,-0.14692385080918205,-0.5761133551207887,-0.24804541031248706
468,0.6821308816602664,-0.15018227400299006,-0.649613696876933,-0.3002412191731119
469,0.5893716652399665,-0.14556668481847898,-0.7165749739222477,-0.3434700674462925
470,0.4884588879362021,-0.13255905713671234,-0.7754232902443989,-0.37756420925944373
471,0.38143500148544635,-0.11089241659197975,-0.8247014931825135,-0.40258869672001024
472,0.270441616764299,-0.08056268543484733,-0.8631054212017492,-0.41883172937301427
473,0.15767072096599044,-0.04183355929330201,-0.8895170877321913,-0.42678946530972095
474,0.04531506488649026,0.0047657476700372625,-0.9030339677255721,-0.427145742899648
475,-0.06448108672224583,0.058449870874731504,-0.9029936442356424,-0.4207472881907501
476,-0.16966966118032029,0.11819357667637247,-0.8889931816108636,-0.4085750941464741
477,-0.2683438011665277,0.18275457990724586,-0.8609027171310358,-0.3917127513048637
478,-0.3587791355347526,0.2507023526896836,-0.8188729010560264,-0.3713125828421248
479,-0.43947032353630816,0.32045222512122484,-0.7633359626907031,-0.3485604885938821
480,-0.5091620177398288,0.39030394121953693,-0.6950003335768857,-0.3246404310735446
481,-0.5668735311738984,0.45848371704629354,-0.6148389145176762,-0.30069950125096134
482,-0.6119166517631124,0.5231887551551616,-0.5240712269883689,-0.27781448273465414
483,-0.6439062180521525,0.5826331027903426,-0.4241398377937712,-0.25696079055556975
484,-0.6627632502515697,0.6350937023112702,-0.3166815849335061,-0.23898459608213216
485,-0.6687106153080351,0.6789554721545389,-0.20349425909788144,-0.22457886436608593
486,-0.6622613894038087,0.7127542755668694,-0.0864995059118636,-0.21426392660241034
487,-0.6442002614320943,0.7352166819271039,0.03229719376471864,-0.20837309102148216
488,-0.6155584921015762,0.7452955005784844,0.15084853676652998,-0.20704366344926767
489,-0.5775831011490492,0.7422001678853163,0.2671084262140863,-0.21021360732235736
490,-0.5317010957730847,0.7254211922366691,0.3790750131103286,-0.21762392571367925
491,-0.4794796733655837,0.694748005890673,0.48483274758325984,-0.2288266986412386
492,-0.42258342795341475,0.650279733324836,0.5825924601211679,-0.24319856137750254
493,-0.3627296601010883,0.5924285591543098,0.6707285406785753,-0.2599592673871955
494,-0.3016429326528786,0.5219155604042808,0.7478123537166479,-0.27819484649652004
495,-0.24101002858650233,0.4397590534693044,0.8126411183503969,-0.2968847483093832
496,-0.18243645210673223,0.3472556908527133,0.8642615925592158,-0.3149322557949825
497,-0.12740557034926892,0.24595472216471992,0.901988026167359,-0.3311973670480531
498,-0.0772414218297943,0.13762600340531617,0.92541398591552,-0.34453127668230904
499,-0.03307612088434195,0.024222494049164163,0.9344178040035697,-0.35381154386258196
