,0,1,2,3
0,-0.6359786159068895,0.0,-0.7717066800988294,0.0
1,-0.6881314438797014,0.11067982552717563,-0.7140882806126906,0.06559740587037291
2,-0.7229344073974349,0.22252265161025808,-0.6418435098449478,0.12604134635577985
3,-0.7398874164043256,0.33273973208568297,-0.5564310265399779,0.17954218011861683
4,-0.7389339637233496,0.43854845009626997,-0.45961297322229333,0.2245167455225164
5,-0.7204593216381373,0.5372420105261666,-0.3534142578960884,0.2596300258180364
6,-0.6852777630579444,0.6262575407851949,-0.24007547283776698,0.28383031446570767
7,-0.634609153762222,0.7032408963665034,-0.12200059464924512,0.29637698720390465
8,-0.5700455266800138,0.7661065472011366,-0.0017007384834795136,0.29686017472249326
9,-0.49350849814314085,0.8130910410010754,0.1182646633721316,0.28521183478559414
10,-0.4071986133591049,0.8427986975437605,0.23534782498004897,0.261707940219863
11,-0.3135379083205692,0.8542383792928467,0.3470722508002315,0.22696172389536054
12,-0.21510714302764578,0.8468504041180225,0.45109060701735487,0.18190814804274194
13,-0.11457929207904753,0.8205229096944486,0.5452394110277613,0.12777998730364468
14,-0.014650970132080776,0.7755972403671202,0.6275892089724939,0.06607612723499737
15,0.08202648082449085,0.7128621993593377,0.6964890230840156,-0.001477122740437875
16,0.17291450921148363,0.6335372854165537,0.7506039925859408,-0.07297072567283525
17,0.25565178056264337,0.5392453064316697,0.7889453004148798,-0.14636249362401463
18,0.32811389666505564,0.4319750264868443,0.8108916689291228,-0.2195302907762503
19,0.3884669105376149,0.3140347504980975,0.8162019162826633,-0.29032751635604026
20,0.4352132979618495,0.18799797609090252,0.805018286090254,-0.35663946125352447
21,0.4672292370338177,0.05664243985026729,0.7778604908971456,-0.4164391081176897
22,0.4837922666210708,-0.07711595024543866,0.7356106391320194,-0.46784095649180996
23,0.4845986371897466,-0.21029267668743018,0.6794894399696424,-0.509151501947326
24,0.469769927140789,-0.33990596150846586,0.6110242952788102,-0.5389150800118474
25,0.4398487680623176,-0.4630481502373619,0.5320100872500003,-0.5559538999414122
26,0.39578379640462596,-0.5769553766344706,0.444463649438058,-0.5594012372209421
27,0.3389042201577134,-0.6790737958472295,0.3505730633771368,-0.5487269235123217
28,0.2708846503773892,-0.7671207578503718,0.2526430488041903,-0.5237544643780273
29,0.19370109232929902,-0.8391394176570693,0.15303780975205616,-0.4846693237155455
30,0.1095792134737958,-0.8935454407109799,0.05412275902176322,-0.4320181342431781
31,0.020936199933372368,-0.9291646570720747,-0.041793431658283586,-0.366698820083604
32,-0.06968232539609212,-0.9452607416401337,-0.1325150197217883,-0.28994184484042884
33,-0.15966872535108373,-0.9415522441602149,-0.21601222901489292,-0.20328302087887495
34,-0.24642142936691383,-0.9182185559964455,-0.290469828631355,-0.10852852725178122
35,-0.3274129481106715,-0.8758946740999927,-0.35433005974512033,-0.007712979564703459
36,-0.4002560981921997,-0.8156548994363907,-0.4063288604507852,0.09694842984872527
37,-0.46276675739788975,-0.7389858804949184,-0.4455245082254554,0.20311255314986995
38,-0.5130215571568209,-0.6477496755840042,-0.4713179909823096,0.3083643803191404
39,-0.5494090451957822,-0.5441377538840402,-0.4834646260047616,0.4102752262288897
40,-0.5706730144207894,-0.4306170785640819,-0.48207666611737443,0.5064615782524687
41,-0.5759468899086719,-0.3098696101253035,-0.46761685876166714,0.5946431519215459
42,-0.5647782896148728,-0.1847267296750475,-0.4408831505441805,0.6726987189593109
43,-0.5371431204170184,-0.05810020605470906,-0.4029849516409108,0.7387183245297504
44,-0.4934488332744983,0.06708858543370289,-0.35531158563586307,0.7910505974698899
45,-0.4345267330438469,0.1879794436033022,-0.2994937456690325,0.8283439764723148
46,-0.361613513058591,0.3018423742861553,-0.23735895229640883,0.8495808237145374
47,-0.27632245509891706,0.40614317412330525,-0.1708821578682445,0.8541035716137977
48,-0.18060499507894015,0.4986039515863962,-0.1021327627874416,0.8416322439048839
49,-0.07670359717365911,0.5772570994136264,-0.033219397715352095,0.8122729042462372
50,0.03290290186986443,0.6404913973283163,0.033766119557942,0.7665168087961028
51,0.14556012632388496,0.6870891213229928,0.09680422462112999,0.7052302681250103
52,0.25850366450929096,0.7162532610022182,0.15400103300581003,0.6296354527598487
53,0.3689276137901121,0.7276241938589177,0.20363839357091926,0.5412825999033675
54,0.474054461585824,0.7212854287361863,0.2442192956888924,0.4420142908964051
55,0.5712045604930451,0.6977583035273776,0.2745074753972627,0.3339226645221377
56,0.6578634630806384,0.6579857975866199,0.2935602128585131,0.21930060543535512
57,0.7317454326651531,0.6033058904915638,0.3007534859545628,0.10058809550860587
58,0.7908515391444585,0.5354151589602072,0.29579883830518383,-0.019684964967212226
59,0.8335208814756082,0.45632354639072026,0.27875152959237426,-0.13895807246588293
60,0.85847364734607,0.36830145862228597,0.25000975654233565,-0.25470012568248357
61,0.8648449218131664,0.27382052965044623,0.210304958738129,-0.36446865857859445
62,0.8522083851772413,0.1754895574410656,0.16068344895011163,-0.4659668579375933
63,0.8205892904308776,0.07598722878524355,0.10247982722606419,-0.5570969776469838
64,0.7704663760709896,-0.02200666962511655,0.037282846074899345,-0.6360088515300727
65,0.7027626442698286,-0.11587982097970179,-0.033105414510374465,-0.7011423282320686
66,0.618825210551482,-0.2031540036965478,-0.10671603351445746,-0.7512626023960722
67,0.5203947023391018,-0.2815480978276128,-0.1814642239864032,-0.7854875923909072
68,0.4095649432725089,-0.34903589067922414,-0.25520350907558703,-0.8033067117953477
69,0.2887339015832977,-0.4038972320065627,-0.3257817287828223,-0.8045905948028471
70,0.1605470980428963,-0.4447612575671285,-0.3910974589735832,-0.7895915593911307
71,0.027834856656379747,-0.4706406002436358,-0.44915541154619326,-0.7589348209405069
72,-0.10645506531530902,-0.4809557353507348,-0.49811940789491177,-0.7136006972953212
73,-0.23932781608424353,-0.47554885542797853,-0.536361576395334,-0.6548982683716602
74,-0.3678130305064874,-0.4546869335683578,-0.5625065171231486,-0.5844311638044484
75,-0.4890358958052397,-0.4190539065370996,-0.5754693011056164,-0.5040563455755477
76,-0.60028595597558,-0.3697321827879965,-0.5744863240158071,-0.41583692427213914
77,-0.6990819643277002,-0.30817394913298596,-0.5591382115570246,-0.32199019333562906
78,-0.7832311908903214,-0.2361630065437837,-0.5293641714338236,-0.22483218176878123
79,-0.8508817281840843,-0.15576810393967355,-0.4854673998426189,-0.12672010940474965
80,-0.9005665117877921,-0.0692889528790036,-0.4281113735285432,-0.029994177948433953
81,-0.931237976861159,0.02080370953268343,-0.35830708608170875,0.06307985561851043
82,-0.9422925032667313,0.11193249209259207,-0.2773915136056347,0.15036589932838196
83,-0.9335840543961886,0.20148052581243936,-0.1869978145305189,0.22990917436310832
84,-0.9054266819752381,0.28685974437415435,-0.08901797567842015,0.2999830172376784
85,-0.8585858443547199,0.3655785394265479,0.014441193464439173,0.3591296859294254
86,-0.7942587622503787,0.43530707619369025,0.12110764869897821,0.40619417207882536
87,-0.7140443066980248,0.4939386126368311,0.22859807053383666,0.44035019832713507
88,-0.6199031724135453,0.5396452647445472,0.3344748731032027,0.4611177770732843
89,-0.5141093293668424,0.5709267989461748,0.43630486215249853,0.4683719194882845
90,-0.3991939602427922,0.5866512067000604,0.5317180979430692,0.46234230620055045
91,-0.2778832762353119,0.586086021658818,0.6184655110587294,0.44360395809295045
92,-0.15303175371792427,0.5689195713335877,0.6944738473000667,0.4130591714559394
93,-0.027552446034726286,0.535271607089007,0.757896581449099,0.37191120067782696
94,0.09565390480401798,0.4856930223099647,0.8071595371174921,0.3216303782534101
95,0.21376920409561534,0.4211546420465286,0.8410000787534148,0.26391355099679276
96,0.3241260515879105,0.3430253415332131,0.858498898989605,0.20063787823262078
97,0.4242718223689877,0.2530400188438342,0.8591036059779456,0.13381017824851948
98,0.512027204819607,0.15325820188826478,0.8426435166767373,0.06551311991698062
99,0.5855377588154185,0.046014305607551285,0.8093352782429422,-0.002150365618069118
100,0.6433172328670964,-0.0661392343159832,0.7597791653689999,-0.06711303488520516
101,0.6842815856282579,-0.1804945449149081,0.6949461309908901,-0.12739821759674919
102,0.707772890016925,-0.294255065206042,0.6161559155809604,-0.18117223973960833
103,0.713572551271379,-0.40460480349177014,0.5250467405698431,-0.22679304945351703
104,0.7019035372776546,-0.5087783797665724,0.42353731884493984,-0.26285380762860755
105,0.6734215937999558,-0.6041301080866716,0.31378210459787653,-0.288220332976773
106,0.6291956919740322,-0.6882003950525002,0.19812087133854234,-0.3020614470450634
107,0.5706782237354987,-0.7587777948450549,0.07902384652337918,-0.3038714443392505
108,0.4996657160606814,-0.8139551669677869,-0.04096625950569888,-0.293484111907477
109,0.4182510706366514,-0.8521785273623097,-0.15929391641885327,-0.27107793640546257
110,0.3287685459766474,-0.8722873633069669,-0.27345067360292263,-0.23717235947194204
111,0.2337328788184953,-0.8735453930117248,-0.381033836465217,-0.19261516860260242
112,0.1357740864125357,-0.8556609868618172,-0.4798024900709312,-0.13856133495039513
113,0.03756959742397725,-0.8187967229696187,-0.5677295071362759,-0.07644382597968533
114,-0.05822457599016927,-0.7635678187107503,-0.6430482773781204,-0.007937124233971915
115,-0.14904189041830285,-0.6910294555549115,-0.7042930263987242,0.06508563145691365
116,-0.23247083469796095,-0.6026532898958793,-0.7503317513940025,0.14060080384732734
117,-0.3063163559624363,-0.5002937108846635,-0.780390984053752,0.21648650056472793
118,-0.3686556050676991,-0.3861446607960751,-0.7940717935166501,0.2905775843593317
119,-0.41788660238100483,-0.2626880678747161,-0.7913566591123966,0.3607220600755867
120,-0.4527686040237385,-0.13263515007371196,-0.7726070684744322,0.42483741115709317
121,-0.4724531582494917,0.0011379745740492941,-0.738551925822382,0.48096545732308116
122,-0.4765050764549268,0.13565879344524256,-0.6902670820960625,0.5273243397077849
123,-0.464912797486205,0.26792934049469325,-0.6291465175343933,0.5623563093893196
124,-0.4380878910558248,0.3949978319010806,-0.5568659127954623,0.5847700981327443
125,-0.3968537195384436,0.5140292371447548,-0.4753395317068145,0.5935767837825447
126,-0.3424235503267698,0.622373052256959,-0.3866715025792027,0.5881182237434144
127,-0.2763686764722135,0.7176266107553693,-0.2931027216524408,0.5680873143810663
128,-0.2005773548652221,0.7976923778409557,-0.19695470828789813,0.5335395373662022
129,-0.1172056024342499,0.8608278220420075,-0.10057181436149293,0.4848954709135518
130,-0.028621095973668492,0.9056866419590869,-0.006263228155025724,0.4229341691270818
131,0.06265840488386398,0.9313503395286744,0.08375378502317932,0.3487775406351769
132,0.1540305537102109,0.9373493699683781,0.1674079972555249,0.2638660826982241
133,0.24287617521945756,0.9236733563563844,0.24282434829121452,0.16992654337990998
134,0.32662757023477734,0.8907701272222925,0.308368854862193,0.0689322867884671
135,0.40283563805981326,0.8395336118615726,0.36268719530758653,-0.036942680242826875
136,0.4692341152348954,0.7712809034615367,0.4047360262457839,-0.1453749019399595
137,0.5237993009222617,0.687719067696947,0.43380627186096077,-0.2539466376495022
138,0.5648037513151981,0.5909025275682395,0.449537828948648,-0.36020364484258444
139,0.5908625757105745,0.4831820876253704,0.4519253471198098,-0.46171416206706817
140,0.6009711514770907,0.36714686657354056,0.44131496808280163,-0.5561276403880733
141,0.5945332894883687,0.24556058148331872,0.418392135091203,-0.6412317754178574
142,0.5713791203226328,0.12129376510488071,0.3841608077825585,-0.7150064315583949
143,0.5317722287003631,-0.0027464033115142117,0.33991463313638953,-0.7756731246031752
144,0.47640583281738325,-0.12368691620332856,0.2872008247647885,-0.821738836536347
145,0.4063880797108588,-0.23875865354459236,0.2277776851829411,-0.8520330745688196
146,0.3232168007135282,-0.34536327469323247,0.1635668645353837,-0.8657372517431273
147,0.2287443355877005,-0.44113563704648295,0.09660158051291882,-0.8624056547278308
148,0.12513328347334254,-0.5240002057477335,0.02897212461178647,-0.8419774710400457
149,0.014804267094189923,-0.5922200702386409,-0.03722995304095613,-0.8047795677568552
150,-0.0996230019691872,-0.6444373693229003,-0.09996755601087194,-0.7515199413482256
151,-0.21539389975126338,-0.6797041419543274,-0.157312230485943,-0.6832719879371699
152,-0.3296867177810361,-0.6975028607950785,-0.20749544971219974,-0.6014499693658494
153,-0.4396824584544618,-0.6977561637194988,-0.2489556869799151,-0.5077762673060314
154,-0.5426348623356868,-0.6808255684206366,-0.28038007718959634,-0.4042412199143023
155,-0.6359389234115865,-0.6474992303715339,-0.3007396041653541,-0.29305651817499184
156,-0.7171961833842718,-0.5989690777386433,-0.30931691473647666,-0.17660329756224585
157,-0.7842751737661776,-0.536797921622296,-0.3057260470686235,-0.05737619105350056
158,-0.8353654929285954,-0.4628773896071087,-0.28992356512156237,0.06207529139582263
159,-0.8690241614172928,-0.3793777588222554,-0.2622108083190885,0.17920662650868796
160,-0.8842130889164227,-0.2886909658517446,-0.2232271900966396,0.29153792416428587
161,-0.8803267054961884,-0.1933682398897204,-0.17393470531601354,0.3967119026180209
162,-0.8572090527738011,-0.09605393829913107,-0.11559402893313657,0.4925487805840943
163,-0.8151598913115661,0.0005827430955575308,-0.04973280120009216,0.577096751413654
164,-0.7549296524877999,0.09391646137941395,0.021893107260642253,0.648676814701351
165,-0.6777033394423525,0.18143308787308704,0.09734437892122089,0.705920880995852
166,-0.5850737556428394,0.26079404294787173,0.17454795579239493,0.7478022323780413
167,-0.4790047043226749,0.32989598555991745,0.2513504174610645,0.7736576113438985
168,-0.36178505091915303,0.38692435692525495,0.32557368482190324,0.783200417965217
169,-0.2359747674934643,0.4303994334765884,0.395071642783499,0.7765247155356896
170,-0.10434427729568946,0.4592137335848151,0.45778624964493775,0.7540999723635836
171,0.030191415813520972,0.4726598407487738,0.5118017111512082,0.7167566963881229
172,0.16464219860568458,0.4704479475909352,0.5553953432097769,0.6656633441813191
173,0.29601421616106216,0.45271268399561515,0.5870838277600459,0.602295101061473
174,0.4213813842492904,0.42000906260725335,0.6056636793420404,0.5283953291445641
175,0.5379552906250532,0.3732976489160084,0.6102448827077582,0.44593066022789624
176,0.6431517689348262,0.31391933443981274,0.6002768308104844,0.3570408659705361
177,0.7346525109817013,0.24356035327843126,0.5755658834911791,0.26398476505318835
178,0.8104602056745396,0.16420842801598068,0.536284075403263,0.1690835227199079
179,0.868945853047472,0.0781011544356616,0.48296872199104995,0.07466275996606098
180,0.9088870952975917,-0.012332069809616014,0.4165128991737745,-0.017005083874365612
181,0.9294966290381727,-0.10453310445248919,0.3381470001307285,-0.10375670090546374
182,0.930440008375808,-0.1958815194871923,0.24941179555274842,-0.1835907878303451
183,0.9118424108886722,-0.28376276112443477,0.15212363635638987,-0.2547165333571428
184,0.8742842115829894,-0.3656363061607041,0.04833263484099176,-0.31559652311645403
185,0.8187854866470575,-0.439102079203152,-0.059725163316911356,-0.3649830074981244
186,0.7467798424260684,-0.5019634495561657,-0.16968045240275575,-0.40194664612130504
187,0.6600782287049607,-0.5522852091530882,-0.27908689884383076,-0.4258970329013603
188,0.5608236425574058,-0.588445057602837,-0.3854795549187385,-0.4365945131023614
189,0.45143785355583305,-0.6091772821109436,-0.48643401999540337,-0.43415302317032806
190,0.3345614774631669,-0.6136075146981835,-0.5796248941695533,-0.41903391003892865
191,0.21298888876946792,-0.6012776719218764,-0.6628820841591068,-0.3920309133344406
192,0.08959958854750938,-0.5721604276476819,-0.7342435720545732,-0.35424671581071376
193,-0.03271227004160143,-0.5266628311998659,-0.7920033427901108,-0.30706167887015556
194,-0.15110845277692053,-0.4656189549006882,-0.8347532838836987,-0.25209557588727305
195,-0.26287556607537427,-0.39027172981092967,-0.8614180181903489,-0.19116331135432024
196,-0.3654906268604906,-0.3022443995394778,-0.8712818034753185,-0.12622576423591803
197,-0.45668166378566905,-0.20350228252855435,-0.8640068272574595,-0.059337015598382545
198,-0.5344818588368838,-0.09630577673031493,-0.8396424367695342,0.0074106894658884925
199,-0.5972759011855593,0.016844239017974466,-0.798625066789073,0.07194283960917086
200,-0.64383742093624,0.13326726085339607,-0.7417688569784449,0.13225798805249542
201,-0.6733565942195151,0.25016876858764797,-0.670247179555718,0.1864811050536842
202,-0.685457257325167,0.3647089619283789,-0.5855655219092226,0.2329135913178133
203,-0.6802031301029495,0.47407291841393895,-0.489526381612967,0.27007867655473256
204,-0.6580930211233399,0.5755404292328034,-0.38418702791309106,0.2967610443615902
205,-0.6200451622927419,0.6665537745156562,-0.2718111592572434,0.31203967071437516
206,-0.5673710918895699,0.7447817484303632,-0.15481563647269325,0.31531303492974044
207,-0.5017397655632299,0.8081783352854349,-0.03571359204357233,0.30631605470683654
208,-0.4251328182190246,0.8550345686131627,0.08294469540450278,0.2851283059499801
209,-0.3397921198320489,0.8840222726211582,0.19863171802813462,0.2521733082682558
210,-0.24816095960742185,0.8942285853182966,0.3089019851611048,0.20820888283137912
211,-0.15282035076720485,0.8851803900743963,0.41144915486603983,0.15430881497552001
212,-0.05642206866845698,0.8568580317114327,0.5041596596785228,0.09183627394236028
213,0.03837988505027716,0.8096979582500012,0.5851615233219729,0.0224096508856034
214,0.12899766201712284,0.7445842035580315,0.6528671851152933,-0.05213833144245647
215,0.21297606584855058,0.6628289025511668,0.7060092979487799,-0.1298072129288618
216,0.28805549445547296,0.5661423023992685,0.7436686403500792,-0.20847992447219754
217,0.35222974121400463,0.4565929936377291,0.7652934789504116,-0.28597716454504407
218,0.4037972008033686,0.3365593276838317,0.7707099297173432,-0.3601136540142026
219,0.4414041924126213,0.2086732059783704,0.760123089365199,-0.42875484958327126
220,0.46407931211089637,0.07575761536647191,0.7341089368387193,-0.4898726820697263
221,0.4712579524755213,-0.05924056031750918,0.6935972330056268,-0.5415989075033169
222,0.4627963754123648,-0.1933208050558989,0.6398458690153678,-0.5822747162136502
223,0.4389749872793521,-0.3235005878363621,0.5744073246583025,-0.6104953362569727
224,0.4004907373507958,-0.4468865743582004,0.49908809225432316,-0.6251484904601049
225,0.34843883453227165,-0.560743685125755,0.415902094292007,-0.6254457179843049
226,0.28428424620022175,-0.6625603048855291,0.32701926994564573,-0.6109457478668454
227,0.20982370036725384,-0.7501080434838483,0.23471062308056875,-0.5815693090923522
228,0.12713915162352762,-0.8214945830119642,0.14129110951207108,-0.5376049744741018
229,0.03854388648929627,-0.8752083172122009,0.049061792014890526,-0.4797058586896525
230,-0.05347737045309772,-0.9101536922871221,-0.039747293349895574,-0.4088772186572567
231,-0.14633283664902585,-0.9256763884304168,-0.12303213696320575,-0.3264552313793393
232,-0.23739091115515573,-0.9215777328574557,-0.1988662552022235,-0.23407744475724276
233,-0.3240485740140163,-0.8981180016016612,-0.2655474140144849,-0.13364560519800534
234,-0.40379921533033625,-0.856008542231334,-0.3216384228705774,-0.027281756888370062
235,-0.47429817693265686,-0.7963929260953813,-0.366000996287852,0.08272132336884785
236,-0.5334243455234072,-0.7208176098506587,-0.3978218558325587,0.1939541491024367
237,-0.5793362338983961,-0.631192845118766,-0.41663044169662,0.3039476853259155
238,-0.6105211237245276,-0.529744815726009,-0.4223078146924943,0.41023224805859415
239,-0.6258360160921155,-0.4189601981197778,-0.41508655151198864,0.5103966968028646
240,-0.6245393403012036,-0.30152452686061326,-0.39554166279626934,0.6021464648322525
241,-0.6063126020066001,-0.18025589893818716,-0.36457278929249104,0.6833589985164957
242,-0.5712714031794293,-0.058035664288609345,-0.3233781504819413,0.752135238750895
243,-0.5199655320729677,0.06226217751201546,-0.27342092707720067,0.8068458733511508
244,-0.45336809487347773,0.17784112462415613,-0.21638894852701665,0.8461712166568758
245,-0.37285393514506093,0.2860501283994705,-0.15414872439651583,0.8691337284080143
246,-0.2801678556867492,0.3844476778584939,-0.08869500001730862,0.8751223643588548
247,-0.17738341330209154,0.47086043280987844,-0.022097128593179943,0.8639081516037054
248,-0.06685329384144531,0.5434349631590416,0.04355636878656047,0.835650597233679
249,0.04884751320768603,0.600681325683246,0.10621363900876186,0.7908947643759943
250,0.16698433963801682,0.641507414729739,0.16391430330347906,0.7305590792913033
251,0.2847297151303249,0.6652432547934886,0.2148418354302948,0.6559141613218187
252,0.39923283933893206,0.6716546549644735,0.2573721748417581,0.5685531884310856
253,0.5076899260490135,0.6609459115066769,0.29011733343366247,0.47035451937054495
254,0.6074136717055277,0.6337515186921059,0.31196288115681536,0.36343748397902137
255,0.6959001198470858,0.5911171226274119,0.3220983504683726,0.2501124210411218
256,0.770891255282152,0.5344702213252717,0.32003977846709253,0.13282618433409832
257,0.8304317656887672,0.46558136998884425,0.3056438041045278,0.014104448477623155
258,0.8729185511367943,0.38651688701829146,0.27911295112102485,-0.10350777578249892
259,0.8971417402840127,0.29958426771648206,0.24099194997899964,-0.21750596410735956
260,0.9023161812624759,0.2072716937975827,0.1921551784803676,-0.3254847790071883
261,0.888102610352659,0.11218317307595635,0.13378552528748547,-0.4251942172548387
262,0.8546179565988096,0.01697095149535849,0.06734519759183329,-0.514591837698123
263,0.8024345092103842,-0.07573309372897827,-0.005460801748446931,-0.5918898010498167
264,0.7325679502392785,-0.16338534728773532,-0.0827276162687055,-0.6555955827187896
265,0.6464545307661628,-0.24359592230925597,-0.16239882254180432,-0.7045453773343738
266,0.5459179378109253,-0.3141900497758585,-0.2423188503436776,-0.7379293953802254
267,0.4331266547101891,-0.37326384416670993,-0.3202882190917907,-0.7553084537647254
268,0.3105428534199832,-0.4192330411905101,-0.39412020005955584,-0.7566214781969578
269,0.18086406723766268,-0.4508734811271196,-0.46169747541203965,-0.742183760531522
270,0.04695907156595058,-0.4673523196368761,-0.5210273624262635,-0.7126760431857027
271,-0.0882004558955149,-0.468249181701694,-0.5702942044437189,-0.6691247296232723
272,-0.22161081932862586,-0.45356672778032736,-0.6079075983488172,-0.6128737390987761
273,-0.35030799388178435,-0.42373036794808,-0.6325452299940034,-0.5455487299159839
274,-0.4714383600681432,-0.37957713307535274,-0.6431892214851542,-0.4690146032565293
275,-0.5823267473885163,-0.3223339851405516,-0.6391550543126374,-0.38532736451740934
276,-0.6805401176459185,-0.25358611473903775,-0.6201123159874904,-0.29668155697088844
277,-0.7639453263692292,-0.17523602608554895,-0.5860967205507319,-0.20535459001452586
278,-0.8307595474254226,-0.08945444199962246,-0.5375130700222892,-0.11364935865749054
279,-0.8795921276227789,0.0013757322990909926,-0.47512904914814513,-0.02383659036554131
280,-0.9094768503719878,0.09472097244324018,-0.4000599740772895,0.06190164099710038
281,-0.9198938249963209,0.18796267117293092,-0.31374484116382606,0.14152582669695007
282,-0.9107804751576604,0.2784649925660373,-0.21791423931937745,0.21318902009399604
283,-0.8825313697019137,0.3636433296889658,-0.11455089281670935,0.2752816797748814
284,-0.8359869153137796,0.4410316345404319,-0.0058437860883041315,0.32647025120660367
285,-0.7724112058404605,0.508346915969854,0.10586301673922091,0.36572853840368186
286,-0.6934595911474701,0.5635492707852393,0.21812561111214282,0.39236109977922484
287,-0.601136782244324,0.6048959237985994,0.328458200756379,0.40601810398141075
288,-0.4977465428546641,0.63098790134125,0.4343923369667903,0.4067012970494698
289,-0.3858342248048797,0.6408081461113149,0.5335359952801558,0.39476095625962354
290,-0.26812358042387346,0.6337500945232626,0.6236310380198825,0.37088393296378286
291,-0.14744942522187193,0.6096359756956347,0.7026076488957598,0.3360731108740261
292,-0.0266878249792466,0.5687243479026514,0.768634398626586,0.29161882200662337
293,0.09131445946624894,0.5117066573237559,0.8201627066374696,0.23906296447596065
294,0.2038095204456573,0.4396928785380652,0.855964600645776,0.180156749470936
295,0.3082151229452343,0.35418656957252015,0.8751628400058165,0.11681316447753552
296,0.40217714396205073,0.25704993959622824,0.877252655968466,0.05105537214019221
297,0.4836260917513711,0.15045977793247478,0.8621145678845474,-0.015037634223767887
298,0.5508263146567369,0.03685532267096833,0.8300179537340849,-0.07938672906460734
299,0.6024166933856857,-0.08112064993417714,0.7816152807550547,-0.13996828417434887
300,0.6374418246606539,-0.2006860629776309,0.7179271317320396,-0.19486830892385099
301,0.6553729427830153,-0.3189875159774187,0.640318388984365,-0.24233371875774573
302,0.6561180828340055,-0.4331703185718144,0.5504661556434267,-0.28081942236563573
303,0.6400212585755146,-0.5404488441727778,0.4503201970308939,-0.309030023702838
304,0.6078507028795083,-0.6381754564066671,0.34205686879973857,-0.3259550710695406
305,0.5607764918483991,-0.7239062941768708,0.22802765841767086,-0.3308969483659031
306,0.5003381388680979,-0.7954622768942745,0.11070359859102641,-0.3234906893423365
307,0.42840299504734247,-0.850983807974494,-0.007383087925173615,-0.30371519950832365
308,0.34711652160067497,-0.8889778092127909,-0.12369868550551522,-0.2718955872449613
309,0.25884570201591584,-0.9083559072877461,-0.23576756634169288,-0.22869653015439909
310,0.1661170322694277,-0.9084628117322071,-0.3412302004136426,-0.17510682915088044
311,0.07155066166928047,-0.8890941658280641,-0.4378981807610549,-0.11241552557963677
312,-0.022207648223903247,-0.8505034120140064,-0.5238049252901482,-0.042180170159415206
313,-0.1125550260823037,-0.7933974850763088,-0.5972508246621467,0.03381196857013252
314,-0.19699872423486625,-0.7189214228662636,-0.656841744509102,0.11358878934128733
315,-0.273220385960188,-0.6286322586785698,-0.7015199558490305,0.195043214673102
316,-0.3391357254776982,-0.5244628249066983,-0.730586755996298,0.2759867695350737
317,-0.39294811595700085,-0.40867634755995863,-0.7437162487892073,0.3542055369383822
318,-0.43319473502378636,-0.2838129394622833,-0.7409599724405651,0.4275170829128672
319,-0.4587841052030581,-0.15262930077596215,-0.7227422902936895,0.49382691621528807
320,-0.4690240837985027,-0.018033103906843373,-0.6898466885864702,0.5511830569118891
321,-0.46363959742606137,0.11698632834083145,-0.643393350296891,0.5978273324913077
322,-0.4427796747742634,0.24942935056161708,-0.5848085896699915,0.6322420993048495
323,-0.40701360068835,0.37635757793987745,-0.5157869327517104,0.6531911989490629
324,-0.3573162886244549,0.4949639679251728,-0.43824681019307177,0.6597541009308082
325,-0.2950432400393619,0.6026396806980645,-0.35428098524846097,0.651352351071669
326,-0.2218957215760364,0.6970360785887281,-0.2661029683902399,0.6277676354398996
327,-0.13987703741068885,0.7761203451208162,-0.17599076711833017,0.5891509774105931
328,-0.051240998674628085,0.838223362516964,-0.08622938296150978,0.5360228055779483
329,0.041566111169132336,0.8820786783851581,0.0009465042093248499,0.46926385719587493
330,0.13596861166057636,0.9068516131311438,0.08340823227960537,0.3900971099515166
331,0.22932795023511957,0.912157803916811,0.15918584471347702,0.3000611584951819
332,0.31901099754080275,0.8980707426298321,0.2265164596302487,0.20097566568343622
333,0.40245838811931317,0.865118137836808,0.28388712053356036,0.094899716613605
334,0.47725117867442424,0.8142672072817717,0.33007106981846623,-0.015915918707711973
335,0.5411741367302061,0.7468992812850784,0.3641565532295381,-0.1290814552525982
336,0.5922740553539096,0.6647743615865276,0.3855674526195205,-0.24212441226020556
337,0.6289116127291057,0.5699865281929044,0.3940752509203775,-0.35254820615785065
338,0.6498054556505308,0.4649113124712673,0.38980205201025364,-0.4578915827918689
339,0.6540673794825966,0.35214635246878906,0.373214603662999,-0.5557874316250432
340,0.6412276989574632,0.23444681132975362,0.34510949835573534,-0.6440195376630128
341,0.6112501488555904,0.1146571676316957,0.30658994871486966,-0.7205758757977593
342,0.5645359150098861,-0.0043589256930536835,0.2590347462474823,-0.7836971358039144
343,0.5019166676822198,-0.11978897161308633,0.2040602084343979,-0.8319192823323471
344,0.4246367444004958,-0.22894040401083893,0.14347609534175484,-0.8641091000456982
345,0.33432490094905426,-0.3293061042696239,0.07923662823739083,-0.8794918459211185
346,0.23295631059357283,-0.41862503985846206,0.013387865495066542,-0.8776703244474064
347,0.12280573626325166,-0.4949365292102247,-0.051987217735173355,-0.8586349121636824
348,0.006393022195352843,-0.5566267982153864,-0.11482454229498631,-0.8227642804974267
349,-0.11357775507623985,-0.6024666878028757,-0.17313420441997934,-0.7708167946402908
350,-0.2342839763739023,-0.6316395944914708,-0.22505380981840667,-0.7039127955729315
351,-0.35285338727811505,-0.6437589709086162,-0.26889849981965513,-0.6235081966227689
352,-0.4664345178466196,-0.6388749749621591,-0.30320639060410304,-0.5313600395448692
353,-0.5722668690962796,-0.6174701280760087,-0.326778262315509,-0.429484852755712
354,-0.6677491240093106,-0.5804441178777167,-0.33871047991863845,-0.3201108311182962
355,-0.750503687519283,-0.5290881520884384,-0.3384202983658945,-0.20562500819097307
356,-0.8184359488619624,-0.4650495313413719,-0.32566289670349036,-0.08851671435546421
357,-0.8697867886471222,-0.39028735273088017,-0.30053969437161515,0.0286812953030538
358,-0.9031770188261554,-0.30702047698389023,-0.26349772291055834,0.1434526033149377
359,-0.9176426422849491,-0.21766908473393873,-0.2153200520681301,0.2533563217856696
360,-0.9126600451537321,-0.12479130666749377,-0.15710749525841083,0.3560842690906681
361,-0.8881604834721641,-0.031016534333892398,-0.09025203978778056,0.44951473781240286
362,-0.8445334904032649,0.061022899870912084,-0.016402656716788228,0.5317615463074121
363,-0.7826191041771086,0.1487599456494318,0.06257566158425786,0.6012171844888404
364,-0.7036890935520332,0.22975923669464937,0.14464861604807389,0.6565890119738396
365,-0.6094176299287504,0.301779994654607,0.22766390090208652,0.6969276399916554
366,-0.5018421165666465,0.36283384740465724,0.30940580471153667,0.7216468230569935
367,-0.3833151291316843,0.41123610273608135,0.3876517426820735,0.7305343975342647
368,-0.25644864198676076,0.44564918397428943,0.4602292991966768,0.7237540265913087
369,-0.12405190574044916,0.4651171318325108,0.5250723438655737,0.7018377391289065
370,0.01093550115656644,0.4690903020337108,0.5802748046254831,0.6656694783969217
371,0.14551380444830814,0.4574396352566398,0.6241407371559515,0.6164600984927414
372,0.2766946286131764,0.430460138598936,0.6552294197196704,0.555714458249757
373,0.4015722966426001,0.3888634894285261,0.6723943242621467,0.48519145691026944
374,0.5173930852376541,0.33375994641572815,0.6748149652083415,0.4068580295971706
375,0.6216207364357926,0.266630021848379,0.6620208031332553,0.3228382686438417
376,0.7119966196358345,0.18928662729117757,0.6339065769929914,0.23535895564202539
377,0.7865930707553836,0.10382864480218533,0.5907386509968312,0.14669287568454703
378,0.8438586045231489,0.012587092252994009,0.533152185194027,0.05910133757953334
379,0.8826538974681526,-0.08193476160353971,0.4621391668900294,-0.025222659483837395
380,0.9022776679996705,-0.17712582349875847,0.3790275674156812,-0.10420919161911918
381,0.9024818303822703,-0.27033451921527957,0.2854521098826093,-0.17596274183497163
382,0.8834755651672076,-0.3589373553717169,0.18331734285652534,-0.23880881993608774
383,0.8459182231330942,-0.4404069682297639,0.07475390714673177,-0.2913347138126774
384,0.7909012561857633,-0.5123779394785658,-0.037930946652866254,-0.33242336468048483
385,0.7199196400957104,-0.5727087131985229,-0.1523073878860691,-0.36127953336201796
386,0.6348335136611677,-0.6195380442108838,-0.26588026617885074,-0.37744761989531017
387,0.5378210004199981,-0.6513345433976783,-0.37614820367495716,-0.3808207097260812
388,0.43132339639189443,-0.6669380569605955,-0.4806630729668587,-0.37164064119608775
389,0.3179840951156929,-0.6655918197107368,-0.5770884028868782,-0.3504891154388099
390,0.20058277479453748,-0.6469645522821603,-0.6632552788167778,-0.31827009546570184
391,0.08196648786790928,-0.6111619229129016,-0.7372143642099095,-0.27618396052374095
392,-0.03502063206272649,-0.5587270598839916,-0.797282764121275,-0.2256940892412888
393,-0.1476072991568586,-0.49063007422882887,-0.842084577385353,-0.1684867354647044
394,-0.25316290494548804,-0.4082468270961535,-0.8705841385541833,-0.10642522926149461
395,-0.3492615683008371,-0.3133274453118545,-0.8821111299825249,-0.04149967811123695
396,-0.43374082207591436,-0.2079553455165667,-0.8763769440796463,0.02422654374066291
397,-0.5047534887387496,-0.09449776534284215,-0.8534818907851872,0.0886721492522584
398,-0.5608114693045791,0.024450986512773942,-0.8139130704372112,0.14979372125179535
399,-0.6008203735032469,0.1461321661060318,-0.7585329617955561,0.2056404986432448
400,-0.6241041493138966,0.26768957199063775,-0.6885590033672726,0.25440676629860376
401,-0.6304191209982605,0.3862392105377564,-0.6055346676840518,0.294480509296828
402,-0.6199571102931059,0.49893992519379826,-0.5112927373082138,0.32448708636941015
403,-0.5933375888485921,0.603063239626659,-0.40791168290502383,0.3433268029442622
404,-0.5515890844924568,0.6960606818396162,-0.29766621296303447,0.3502054178992417
405,-0.49612033260664523,0.7756269166005942,-0.1829732074746498,0.34465679619783385
406,-0.42868192011581235,0.8397571154610799,-0.06633436056968756,0.32655711752481664
407,-0.35131940691215385,0.8867971347044682,0.049723063063451034,0.29613026391508596
408,-0.26631912205800634,0.9154852482741008,0.16270590810300428,0.25394423184459114
409,-0.17614801451654788,0.924984390701528,0.2702137858834544,0.20089864075929023
410,-0.08338908591565744,0.9149040991242078,0.36999527707929025,0.1382036348830829
411,0.009325957730445117,0.8853115978322623,0.4600003102650697,0.06735069273690641
412,0.09938513005399446,0.8367317370971606,0.5384274431584617,-0.009923936333911115
413,0.18426393322359413,0.7701357736397898,0.6037649011397287,-0.09168226232450802
414,0.26159075856490993,0.6869192561401231,0.6548243836961698,-0.17583298067843603
415,0.3292082664824488,0.5888695488098343,0.6907668298700607,-0.260184085822686
416,0.38522919534635625,0.4781237825383104,0.7111195340914859,-0.34249835599249295
417,0.4280851899372908,0.3571182601005459,0.715784218961478,-0.42055031844573915
418,0.4565674162744062,0.2285305534891019,0.705035896253135,-0.4921832641537282
419,0.4698579367728371,0.09521571233819798,0.6795125760228613,-0.5553648768172874
420,0.4675510525024589,-0.03986185185374019,0.6401961105786325,-0.6082400727267356
421,0.4496640720214164,-0.17369913405031956,0.5883846794916067,-0.6491797147961794
422,0.41663723251236995,-0.30332621940451665,0.5256576284038905,-0.6768239644154119
423,0.36932277209392234,-0.4258771228235535,0.45383356294330596,-0.6901191660971151
424,0.30896342537941823,-0.5386580460258155,0.3749227649226401,-0.6883473189983592
425,0.23716088077387518,-0.6392113780667821,0.2910751370593544,-0.6711473723157964
426,0.15583499096990688,-0.7253738711331615,0.20452499125710005,-0.6385277837478832
427,0.06717476129324731,-0.795327568091124,0.11753407135244043,-0.5908699966581233
428,-0.02641765188002393,-0.8476422382221431,0.03233424228236287,-0.5289227168754723
429,-0.12238852365850296,-0.8813082883079828,-0.048928717127547317,-0.4537870986229025
430,-0.21809817363839684,-0.8957593524886918,-0.12424881122121145,-0.36689317518147957
431,-0.31088895617857487,-0.8908840202331922,-0.19180967366975069,-0.26996808794013283
432,-0.39815391341617645,-0.867026430962146,-0.2500293212184978,-0.1649968720171541
433,-0.4774043580805114,-0.8249757396482384,-0.29759870369770497,-0.05417674256573968
434,-0.5463346781515374,-0.7659447332284667,-0.33351309682846386,0.06013401144533481
435,-0.6028827231897949,-0.6915381460441521,-0.3570955659217427,0.17547128381620516
436,-0.6452842410594185,-0.6037114771018249,-0.36801192928817966,0.28932321123183025
437,-0.6721199810710852,-0.5047213463955001,-0.36627686501839807,0.39918961871522946
438,-0.6823542616223204,-0.3970686360202646,-0.3522510283743928,0.5026413959713651
439,-0.6753640126770453,-0.2834358391628794,-0.32662927375305373,0.5973783499477965
440,-0.6509575406147031,-0.16662018187671285,-0.29042029936648417,0.6812841147598466
441,-0.6093825191815173,-0.049464185320365284,-0.24491824881910526,0.7524767711245091
442,-0.5513229791020651,0.06521460267510132,-0.1916670062422827,0.8093539318679288
443,-0.477885343655015,0.1746929597522615,-0.132418105507342,0.8506311853362611
444,-0.39057383132560564,0.2764087033532523,-0.0690833346772487,0.8753729512979513
445,-0.29125581268673023,0.36802311397980425,-0.003683250258248394,0.8830149901447534
446,-0.18211796028704813,0.447477523566409,0.061707081361741856,0.8733780112606329
447,-0.06561426125430977,0.5130426729578862,0.1250137282222222,0.8466720452455362
448,0.05559283321660545,0.5633596249760057,0.18421950099143555,0.8034914718255008
449,0.1786966744394214,0.5974712321636098,0.23741810417343215,0.7448008251149302
450,0.30081451485021055,0.6148433956902107,0.2828654461376987,0.6719117247175285
451,0.4190577569978673,0.6153756081526148,0.3190267953063797,0.5864514993307226
452,0.5306026154071406,0.599400541704008,0.3446185743787644,0.49032427364060094
453,0.6327594411724534,0.5676727173801485,0.3586437194277783,0.3856654742965466
454,0.7230389900418752,0.5213465648078344,0.3604196926920419,0.2747908720501238
455,0.7992139884447642,0.4619444468532447,0.34959842285748743,0.16014141073194782
456,0.85937446658455,0.39131547457081767,0.3261776499451162,0.04422517631647643
457,0.901975480525681,0.3115861677887499,0.29050336850901304,-0.0704420716482762
458,0.9258760323619881,0.22510422007543163,0.24326328727965763,-0.18139635019413164
459,0.9303682144181209,0.13437679860060242,0.18547145004360674,-0.28628343091593417
460,0.915195844622473,0.0420049452527508,0.11844438575682302,-0.3829139303325906
461,0.8805621197053612,-0.049384258083403715,0.04376937005340807,-0.4693141705070112
462,0.8271260842727086,-0.13720604234971157,-0.036734419930792225,-0.5437715743313325
463,0.755987990334665,-0.21898509272943595,-0.12106089515923342,-0.60487349693575
464,0.6686638966565878,-0.2924197807263033,-0.2070670700587871,-0.6515385588323044
465,0.5670501235131387,-0.3554418631109351,-0.29252685645335974,-0.6830397335627547
466,0.453378429444264,-0.406270138756613,-0.37518729144362134,-0.6990186481121479
467,0.33016300619302114,-0.4434567070133047,-0.4528257907394202,-0.6994907730540251
468,0.20014059043772287,-0.4659246578820555,-0.5233069902627809,-0.6848414058589287
469,0.06620516118327541,-0.47299624017711905,-0.5846377460731942,-0.655812579383367
470,-0.06866117448700787,-0.4644107936975357,-0.6350189056711514,-0.613481252570526
471,-0.20145941050374128,-0.4403319891706077,-0.6728925414627778,-0.5592293562361521
472,-0.3292452369386382,-0.4013441889273456,-0.6969834477039475,-0.4947064681143719
473,-0.44919924371480124,-0.3484380151894284,-0.7063338428536725,-0.4217860730944852
474,-0.5586940103885467,-0.28298548463370016,-0.7003303864678796,-0.3425165222764396
475,-0.655356437140203,-0.20670533075312325,-0.6787228094061757,-0.2590679341966602
476,-0.73712379053346,-0.121619382873756,-0.6416336634945636,-0.17367638011410308
477,-0.8022920938458287,-0.03000109632458875,-0.5895589167295118,-0.08858676016493877
478,-0.8495556819465617,0.06568247345987734,-0.5233593471527533,-0.005995806897936329
479,-0.8780369600641539,0.16283379416131993,-0.4442429170193666,0.072003353522258
480,-0.8873056488838642,0.2587914888994087,-0.35373853313556597,0.14347369412928043
481,-0.877387059192442,0.35089879967904164,-0.25366181366930873,0.2066825223173128
482,-0.8487592112529401,0.4365721562271707,-0.14607368099344328,0.2601442550614521
483,-0.8023388904780775,0.5133681199201384,-0.03323277923850071,0.30265667126325524
484,-0.7394570048995042,0.5790470112688623,0.08245713025818213,0.33332974412020405
485,-0.6618238745886891,0.6316316105732034,0.19850351637611882,0.3516063445608347
486,-0.5714853319915646,0.6694594428688299,0.31238379484867396,0.35727431252216735
487,-0.4707707389080816,0.6912273171513988,0.4216049800061814,0.3504696110158658
488,-0.3622342249458852,0.6960269821219551,0.5237628125694371,0.3316705030680346
489,-0.2485906187606194,0.6833709815676651,0.6165989156256525,0.30168291808572656
490,-0.13264767313451237,0.6532080364704891,0.6980545779804642,0.2616173963307553
491,-0.017236274727165324,0.6059275419434522,0.7663198458597908,0.21285821240755395
492,0.09485962305701523,0.5423530386208932,0.8198767184145164,0.15702547568472108
493,0.20097160136740327,0.46372479340470973,0.8575353868275277,0.09593118243900337
494,0.2986122078008818,0.37167189662416095,0.8784626274589766,0.031530346809942156
495,0.38553559688756306,0.2681745449116311,0.8822016521626626,-0.03413153842795666
496,0.4597918790980997,0.15551742488213854,0.8686829288834724,-0.09897336783139596
497,0.519773837536992,0.03623533589345987,0.8382257076940227,-0.16093421390619522
498,0.5642548640324638,-0.08694761482215897,0.7915302160375939,-0.21802861691053976
499,0.5924171873691335,-0.21118374939928927,0.7296607164410612,-0.2683999608457802
