,0,1,2,3
0,-0.9309512173170531,0.0,0.3651435758381861,0.0
1,-0.8949645430891835,0.01579608083652765,0.43801530031187175,0.08325591352015714
2,-0.8448140173415174,0.02858400786023138,0.5095792134692666,0.16062769312287503
3,-0.781469996338909,0.03729339362545707,0.5783646687018104,0.23110205021030697
4,-0.7061627920393662,0.040985084463630694,0.6428832162600914,0.2938630705647732
5,-0.6203550544164411,0.03888091394978013,0.7016637324194968,0.34830430315680194
6,-0.5257089385443172,0.03038912710359956,0.7532878979234819,0.39403547521829846
7,-0.42404884329533593,0.015124788498339897,0.796425151528417,0.4308837398715645
8,-0.31732061413987495,-0.00707538423364884,0.8298662506178045,0.45888949962424125
9,-0.2075481862435602,-0.036144177331158545,0.8525545986129168,0.478296984326716
10,-0.09678870377856293,-0.07178129065092884,0.8636145476504798,0.4895398923681395
11,0.012912814349117882,-0.11345710224967012,0.8623759535713178,0.4932225257190246
12,0.11956818412837975,-0.16042272658542983,0.8483943470169081,0.49009695988538077
13,0.22128908160401972,-0.21172614312799173,0.8214661872589086,0.4810368861836962
14,0.3163273680971751,-0.26623401549779746,0.7816387817825322,0.4670088435973688
15,0.4031117691832832,-0.32265867386040437,0.7292145817601167,0.4490416188695507
16,0.4802800533754241,-0.3795895989125214,0.6647496982680978,0.42819463492622606
17,0.5467059694774171,-0.43552862780711105,0.5890466231078441,0.40552616821045984
18,0.6015203325289439,-0.48892800377156126,0.5031412779666566,0.3820622345748198
19,0.6441257938961396,-0.5382303144839735,0.4082846529522197,0.3587669610929035
20,0.6742049877363263,-0.5819093114512868,0.3059194268642532,0.33651521811768925
21,0.691721909884897,-0.6185105750467332,0.19765208368748272,0.3160682232597043
22,0.6969165521022855,-0.6466909882501977,0.085221149681346,0.2980527482994155
23,0.6902929804341048,-0.6652560065816008,-0.029537729615135927,0.28294446345472996
24,0.6726012070635087,-0.6731937616609478,-0.14472907550216116,0.2710558433640271
25,0.6448133564911205,-0.6697051100676346,-0.2584363699839746,0.26252893842290903
26,0.608094765416449,-0.6542288358960501,-0.3687614642642714,0.257333186800465
27,0.5637707778935861,-0.6264613322408064,-0.4738636926398112,0.25526830981948767
28,0.51329010018203,-0.5863702209145902,-0.571997788472765,0.2559721997834174
29,0.4581856606853626,-0.534201517692999,-0.6615497267301389,0.2589335781626103
30,0.4000339774891697,-0.4704801086308128,-0.7410696666059491,0.2635090766434437
31,0.3404140678953984,-0.39600346758045235,-0.8093012367895785,0.26894427707988716
32,0.2808669402547707,-0.31182871188067945,-0.8652064933186117,0.27439814182692673
33,0.22285668822314772,-0.21925325812639107,-0.9079859835111002,0.27897017593741713
34,0.16773416186457513,-0.11978949887562057,-0.937093466666304,0.28172958956070837
35,0.11670411998328398,-0.01513407013953616,-0.9522449701744548,0.28174567446083526
36,0.07079667548650732,0.09286758517928176,-0.9534219952405176,0.2781185742711506
37,0.03084373281907221,0.2022605344639864,-0.9408688262735471,0.27000961481170666
38,-0.0025390135686766124,0.3110226314752177,-0.9150840386875296,0.25667036887737854
39,-0.028964094862923367,0.4171087538621508,-0.8768064379486042,0.23746965918242235
40,-0.048278027270733326,0.5184959531809423,-0.8269957948013213,0.2119177529107981
41,-0.06056070575378489,0.613228442774066,-0.7668088644782747,0.1796870703446313
42,-0.06611848612113128,0.6994613494794677,-0.6975712883393284,0.14062881661317414
43,-0.06547117120516299,0.7755021821185107,-0.6207460721006532,0.09478504756586456
44,-0.05933327280068104,0.8398490224173372,-0.53789941327401,0.04239579558020312
45,-0.048590067320157304,0.8912245211702642,-0.4506647097471936,-0.016098994103161623
46,-0.03426909603010794,0.9286048821722145,-0.3607056201777363,-0.08006283429533187
47,-0.017507876942469067,0.9512431362860653,-0.2696790641358036,-0.14867135662411604
48,0.00048130798002432584,0.9586861450268325,-0.17919904534404005,-0.22092610942123644
49,0.018448612111326826,0.9507849238679337,-0.09080215508996647,-0.29567320793002344
50,0.03514482113903848,0.927698036392851,-0.005915565635762423,-0.3716264265403684
51,0.04935953351242708,0.8898879774650195,0.0741717435536342,-0.44739420701755594
52,0.059958310562032796,0.8381106326542345,0.14833386898632916,-0.5215099536327291
53,0.06591780873353971,0.7733980680736671,0.21562841886807016,-0.592464898342631
54,0.06635795778490094,0.6970350654355755,0.2753120587717302,-0.6587427489443147
55,0.060570324074611076,0.6105299675692721,0.3268508493489385,-0.7188552822517462
56,0.04804189532896391,0.5155805361588509,0.36992519019822984,-0.7713780141306565
57,0.028473640073172324,0.4140356426933239,0.40442932002612,-0.8149850694974238
58,0.0017933283094605512,0.3078537126497547,0.4304654598590296,-0.8484823884145682
59,-0.03183775332899813,0.19905891932405245,0.4483328198702,-0.8708384389355681
60,-0.07202440251435721,0.08969617561898577,0.4585118180379944,-0.881211662565397
61,-0.1181434669822515,-0.018214001761916898,0.46164397717053723,-0.8789739527946201
62,-0.16935606045376878,-0.12271968150144628,0.4585080728754829,-0.863729559334271
63,-0.22462575323347184,-0.22197971259735644,0.4499931961933593,-0.8353289181868276
64,-0.2827423077806465,-0.31430292961678086,0.43706946859622586,-0.7938770279118773
65,-0.342350385841938,-0.3981834494096487,0.42075720206120215,-0.7397361224407918
66,-0.40198252416229574,-0.4723312393624616,0.40209533162003963,-0.6735225273736596
67,-0.4600955636377696,-0.5356972561402698,0.3821099613319153,-0.5960977264975531
68,-0.5151096248853957,-0.5874925896770979,0.3617838567296493,-0.5085538048572098
69,-0.5654486539240421,-0.627201196542604,0.34202768769084524,-0.41219357064838913
70,-0.6095815167643527,-0.6545859660117851,0.323653776159036,-0.3085057871380795
71,-0.6460626023656048,-0.669688027230612,0.307353034472308,-0.1991360645619429
72,-0.673570900164405,-0.6728193726977488,0.29367569401500904,-0.08585406757471412
73,-0.6909465510947483,-0.6645490377256669,0.28301632269450844,0.029482216277636225
74,-0.697223928931862,-0.6456832335221735,0.2756035159424043,0.14496432965855272
75,-0.691660390503997,-0.6172399791298572,0.271494522446113,0.25867245051104454
76,-0.6737599368312567,-0.5804189110232207,0.2705749357731888,0.36871484833010887
77,-0.6432911500266858,-0.5365670653924879,0.27256344976115643,0.47326678151729074
78,-0.6002989098065639,-0.4871415241758415,0.2770215423953488,0.5706079383934219
79,-0.5451095452702681,-0.43366988938193535,0.2833678232668166,0.6591575588853755
80,-0.4783292384681639,-0.377709599381024,0.2908966568837525,0.7375064292436692
81,-0.4008356621923661,-0.3208071244544521,0.2988005612230307,0.8044450170315416
82,-0.3137630012828175,-0.2644580764361195,0.30619578082346977,0.8589871062126666
83,-0.21848067039540325,-0.21006923886495568,0.3121503489874382,0.9003884001769984
84,-0.11656619755993758,-0.158923470452286,0.3157138864342624,0.928159681325575
85,-0.0097728880716485,-0.11214835723969112,0.31594833575937586,0.942074246414824
86,0.10000698630942967,-0.0706893895628631,0.311958803534946,0.9421694740276721
87,0.21078261548543037,-0.03528832137131571,0.3029236755639319,0.9287425209210329
88,0.3205077475666639,-0.006467234589573045,0.288123185859683,0.9023402841481548
89,0.42712543653190205,0.01548131654473886,0.2669656560186615,0.8637439023298522
90,0.5286133801668441,0.030497863133807007,0.2390106779060496,0.8139481989044177
91,0.6230287698858881,0.03875322532888753,0.2039885875963676,0.7541365894528158
92,0.7085515829185822,0.040639469365908704,0.16181567044317077,0.6856520813592387
93,0.7835252824613277,0.03675488539778804,0.1126046437059546,0.6099650845410305
94,0.8464939519135943,0.02788340675585571,0.05667008168016063,0.5286388245709519
95,0.8962349737631548,0.014969033541352345,-0.005471424204360198,0.44329320246961984
96,0.9317864699900554,-0.0009140487568418537,-0.07310644452241272,0.3555679775058949
97,0.9524688464151283,-0.0185948548155766,-0.14533516864091064,0.2670861597671055
98,0.9578999251393563,-0.03684159875123828,-0.22108694271379065,0.17941848784597653
99,0.9480033036175332,-0.054399349729487845,-0.29914056192621763,0.09404983407597484
100,0.9230097421814021,-0.07002834399129941,-0.378148867135727,0.012348326203442743
101,0.8834515499514342,-0.08254193631075307,-0.45666708388931043,-0.06446209840297787
102,0.830150107910292,-0.09084318273707886,-0.5331842431922594,-0.13532508007840904
103,0.7641968332948196,-0.09395908099332842,-0.6061569408719003,-0.19937064506560992
104,0.6869280473235067,-0.09107155424264615,-0.6740446280253872,-0.2559290316440442
105,0.5998943547256774,-0.0815443466023131,-0.7353455805231957,-0.3045392584059874
106,0.5048252749742678,-0.0649451027113093,-0.7886326720247119,-0.3449522923479941
107,0.40358997831564586,-0.04106202622996763,-0.8325880730933812,-0.37712881081630084
108,0.2981550718604696,-0.009914650291875271,-0.8660360188823923,-0.40123168722298835
109,0.1905404498941567,0.028241596832295546,-0.8879728290623561,-0.41761346243804515
110,0.0827742665069475,0.07291718903854211,-0.897593425213547,-0.42679918856573185
111,-0.023151893426103368,0.12339665794608842,-0.894313671333218,-0.42946514632158855
112,-0.1253265773778558,0.17875293886345256,-0.8777879604681192,-0.42641403859118976
113,-0.22195972955076063,0.237867580066242,-0.8479215824054736,-0.4185473484591429
114,-0.3114206836058817,0.29945633692276435,-0.804877531109063,-0.406835617928206
115,-0.39227199456981243,0.3620995327456979,-0.7490775431408825,-0.39228745203433
116,-0.46329832614561756,0.42427644382856283,-0.6811972964106637,-0.3759180809241005
117,-0.523529734069565,0.4844028600959098,-0.6021558388522114,-0.3587183190361781
118,-0.5722588264794821,0.5408708878501225,-0.5130994555861257,-0.3416247456929429
119,-0.6090514349877079,0.5920899994042433,-0.4153803173710887,-0.32549189557589914
120,-0.6337505914736383,0.6365282975387009,-0.3105303793614731,-0.3110671916691245
121,-0.6464737715083756,0.6727529516795496,-0.20023111426468135,-0.29896927875371015
122,-0.6476035316694382,0.6994687777921239,-0.08627976508695645,-0.28967032433406475
123,-0.6377718306620115,0.7155539748891873,0.02944711272521572,-0.28348274830483
124,-0.6178384790967456,0.7200920967936543,0.14503198389076455,-0.2805507254160057
125,-0.5888643061414592,0.7123994267789417,0.2585556589409861,-0.2808466786472015
126,-0.5520797595166776,0.6920470327585134,0.3681367066906931,-0.2841728501617912
127,-0.5088497652750493,0.6588769091064357,0.47197004475155824,-0.2901679029167247
128,-0.46063576278411317,0.6130117547973787,0.5683638187543668,-0.2983183736471639
129,-0.4089558961393709,0.554858092810178,0.6557737219335923,-0.30797467018775804
130,-0.35534438426960163,0.48510259880213824,0.7328339682449869,-0.3183711861801774
131,-0.30131110727895627,0.4047016738914512,0.7983842127209178,-0.3286499971973012
132,-0.24830243576489133,0.31486446284392494,0.8514918103362183,-0.33788750696286485
133,-0.19766429327456306,0.21702968091429953,0.8914689168568449,-0.3451233330920811
134,-0.15060838067592616,0.11283676601604359,0.917884059212083,-0.3493906606501747
135,-0.10818240660421224,0.004092013968960417,0.9305679358143365,-0.3497472503926875
136,-0.07124506246067322,-0.10726952021283123,0.9296133456790786,-0.3453062678892959
137,-0.04044635637449803,-0.21922546580281835,0.915369285766837,-0.33526610039530574
138,-0.01621378123517289,-0.32970995083768234,0.8884293952251141,-0.3189383503384459
139,0.0012553591150266663,-0.43665875298403467,0.8496150597320631,-0.2957732371131705
140,0.011995300355717747,-0.5380547166599843,0.7999536156374402,-0.2653817014752655
141,0.016266842463986686,-0.6319723569389746,0.7406522089637805,-0.22755358766303996
142,0.014546209015243727,-0.7166205878813404,0.6730679657547652,-0.18227137543407693
143,0.007508059511671578,-0.7903825561121731,0.5986752152698112,-0.1297190450843767
144,-0.003996876781245523,-0.8518516286470468,0.5190305740652637,-0.07028578044563688
145,-0.0189689391079422,-0.8998626754950131,0.4357367454745012,-0.004564344790575825
146,-0.03629071687044588,-0.9335179001965348,0.3504059143035187,0.06665590073503075
147,-0.05476144219141082,-0.952206602415561,0.26462362012271357,0.14240123046687111
148,-0.0731336784508291,-0.9556184027773634,0.17991397432838246,0.22153079964388317
149,-0.09015133069173531,-0.9437496177304907,0.09770704667774888,0.3027585335503753
150,-0.10458796943853758,-0.9169026374301109,0.019309187305789535,0.38467917204862995
151,-0.11528445080061775,-0.8756783284197538,-0.054123028151521854,0.4657978728625709
152,-0.12118483296679054,-0.8209616510703589,-0.12160463777443725,0.5445626830791759
153,-0.12136963190642527,-0.7539008451757057,-0.1823394337110949,0.6193991112426402
154,-0.11508552621327306,-0.6758806917765227,-0.23573204131642958,0.6887459740983553
155,-0.10177071087777773,-0.5884905013847926,-0.2813947040551714,0.7510916540056946
156,-0.08107521010077623,-0.4934876048105211,-0.31914867568290733,0.8050098862842223
157,-0.05287558729855363,-0.3927572296606948,-0.34902025759211386,0.8491942007617709
158,-0.017283632983048136,-0.28826973066553957,-0.37123165400123953,0.8824901684893878
159,0.025351235347964463,-0.18203620321292946,-0.38618694750204996,0.9039246523716464
160,0.07444596666289466,-0.07606354535281551,-0.3944536191201772,0.9127313282006801
161,0.12919420500335663,0.02768995678610716,-0.3967401474530839,0.9083718286503824
162,0.18858273260752556,0.12735746195117967,-0.39387031788123555,0.8905519650979222
163,0.2514136496381414,0.22120380955861638,-0.3867549529090829,0.8592325982018371
164,0.31633176447291866,0.30766221033790847,-0.3763618364034113,0.8146348551433905
165,0.38185653326587404,0.38536653454370684,-0.3636846463413439,0.7572395262210718
166,0.4464177685392533,0.45317845202622375,-0.3497117316435665,0.6877806127700956
167,0.5083942369323438,0.5102088081016144,-0.33539556826012373,0.6072331387374853
168,0.5661541884494177,0.5558327636446667,-0.3216237079444826,0.5167954762266745
169,0.6180968056044793,0.5896983835278881,-0.30919199068026104,0.4178665675371878
170,0.662693532151568,0.6117285205694445,-0.2987807296195161,0.3120185494076061
171,0.698528238382341,0.6221160084640478,-0.2909344972499015,0.20096539628795032
172,0.7243352033853291,0.6213123426163073,-0.2860460453819466,0.08652829578074808
173,0.7390339436588991,0.6100101882617329,-0.2843447818896095,-0.02940145147795456
174,0.7417599908781339,0.5891202067614507,-0.2858901067396127,-0.14490115522738617
175,0.7318908176501601,0.5597428297362641,-0.29056978176955983,-0.25805619062639845
176,0.7090662264014587,0.5231357333283022,-0.2981033761760597,-0.36699927548196887
177,0.6732026502649392,0.48067786831585707,-0.30805069611733177,-0.46994866444029204
178,0.6245009626777112,0.4338309835126926,-0.3198249756121099,-0.5652443810722387
179,0.5634475507099446,0.38409963785636997,-0.3327104803611203,-0.6513816562165711
180,0.4908085720047983,0.33299072942478375,-0.3458840594202533,-0.7270408084851412
181,0.40761748253492136,0.28197357654019983,-0.3584400747839557,-0.7911128888179555
182,0.3151560880232167,0.2324415669977184,-0.3694180485653384,-0.8427205132828581
183,0.2149295317222567,0.18567634681420225,-0.37783229389324274,-0.8812334244221318
184,0.1086357813267903,0.14281545089638878,-0.38270274077159766,-0.9062784484951003
185,-0.0018696856264246442,0.10482418644292402,-0.38308613337891506,-0.9177436508225094
186,-0.1146131788377128,0.07247246805954775,-0.37810676153588746,-0.9157766307844466
187,-0.2275451559740615,0.046317174318741744,-0.3669858967195665,-0.900777038431154
188,-0.33858465080392264,0.026690452108856233,-0.34906913189706384,-0.873383532683575
189,-0.4456647193918106,0.013694241218849351,-0.3238508738997165,-0.8344555333397037
190,-0.5467778275628175,0.007201131080000395,-0.2909953058517627,-0.7850502423215306
191,-0.6400201017593927,0.006861498486133988,-0.25035322360963863,-0.7263955207809912
192,-0.7236333907324242,0.01211671355178881,-0.20197425211721798,-0.6598593051185135
193,-0.7960441366302219,0.02221804521581977,-0.1461140625045372,-0.5869163243102515
194,-0.8558981297280318,0.03625075118590487,-0.08323633578937384,-0.5091129412722413
195,-0.9020903194244096,0.05316270403586307,-0.014009351061206876,-0.42803098086844793
196,-0.9337889728025067,0.07179678856860057,0.06070278826567538,-0.34525142566026606
197,-0.9504536080956251,0.09092620848059099,0.13985414054759082,-0.2623188571968207
198,-0.9518462804572815,0.10929176525715006,0.2222358419007342,-0.18070749569756306
199,-0.9380359578200407,0.12564012098630903,0.3064995432195362,-0.1017896450597922
200,-0.9093958913818744,0.13876203069923015,0.3911848425941303,-0.026807284431703597
201,-0.8665940542741534,0.14752952959029705,0.4747500833242052,0.04315253618516656
202,-0.810576889076426,0.150931086056054,0.555605798783558,0.10717793856578418
203,-0.7425467659327915,0.14810378228443996,0.6321500139386105,0.16454765253023199
204,-0.6639337041264377,0.13836165885797536,0.7028045611950966,0.2147413249618912
205,-0.5763620473648103,0.12121945663665307,0.7660515367901697,0.2574445118303691
206,-0.481612903341068,0.09641110563512953,0.8204690140022646,0.2925482987606449
207,-0.38158325841628943,0.06390244378498561,0.8647651413211621,0.3201436317194277
208,-0.27824275605720405,0.02389779503660716,0.8978097871696067,0.34051057275294905
209,-0.17358918107122429,-0.02315980747229024,0.9186629470203129,0.35410282306813745
210,-0.06960371941487165,-0.07659480539768021,0.9265992025164207,0.36152797391853253
211,0.03179293523857271,-0.13551159476781516,0.9211276137013701,0.36352405178917824
212,0.12878258189951233,-0.1988130282471296,0.902006532474125,0.36093301563102653
213,0.21968862393936997,-0.26522451228264343,0.8692529453004705,0.35467193810973496
214,0.30301137131251943,-0.33332312681376436,0.8231460830982915,0.3457026581707818
215,0.3774587100316889,-0.40157106473154724,0.7642251728933496,0.3350007273241574
216,0.44197143307793724,-0.4683525751009341,0.6932813459582473,0.3235244860681823
217,0.4957426614827231,-0.5320135011788152,0.6113438572592317,0.3121850994856801
218,0.5382309325924627,-0.5909024338405067,0.5196609076985156,0.30181835247707006
219,0.569166690809292,-0.6434124549730245,0.41967549049095665,0.29315895609713505
220,0.5885520804456148,-0.6880224249051025,0.3129968028571667,0.28681804830246294
221,0.5966541066370273,-0.723336773582294,0.20136787109809506,0.28326448684251226
222,0.5939913943877856,-0.748122786870852,0.08663012840696555,0.2828104312256489
223,0.5813149336926919,-0.7613444363456126,-0.029314241777050054,0.2856015972302696
224,0.5595833463677794,-0.7621918818123616,-0.1445413302714062,0.2916124441969801
225,0.5299333440666455,-0.7501058786632595,-0.2571449950853299,0.3006464254630816
226,0.4936461636457176,-0.7247964444443031,-0.36527591232563345,0.3123412990839246
227,0.4521108626891868,-0.6862552777192308,-0.46717928562521815,0.3261793628107857
228,0.4067854322339539,-0.634761574024307,-0.5612303474391477,0.3415023475435487
229,0.3591567337321123,-0.5708810446761072,-0.6459668393116498,0.3575305804460849
230,0.31070029184465164,-0.4954581104374999,-0.7201177316129911,0.3733859157305066
231,0.26284097320483546,-0.40960140944832335,-0.7826275344647317,0.3881178306652976
232,0.21691555390390682,-0.31466292323702255,-0.832675658362187,0.40073199920344305
233,0.1741381258642817,-0.21221118196742533,-0.8696904027295216,0.41022058793852223
234,0.1355692158362584,-0.10399915643334956,-0.8933572803517488,0.41559347061908636
235,0.1020893924387281,0.008072423945393647,-0.9036215221222321,0.41590952944196913
236,0.07437801896425236,0.12199547402862151,-0.9006847464616087,0.41030720454663383
237,0.05289767557079497,0.23569773055578425,-0.8849959176609435,0.3980334677555718
238,0.03788462738025988,0.34708768818197416,-0.8572368538385639,0.37847043232162114
239,0.029345558617392326,0.4541002324535568,-0.818302674827012,0.35115886639243726
240,0.027060631200022084,0.5547418889421456,-0.7692776999457958,0.3158179527165323
241,0.03059276321457613,0.6471346149224997,-0.7114074123413112,0.27236072894939606
242,0.039302862589573995,0.7295570934395333,-0.6460671977849518,0.22090474949765976
243,0.05237059805151936,0.8004825485542969,-0.574728639299773,0.16177762851634633
244,0.06882014697495435,0.8586121835465943,-0.4989242029636269,0.09551725149313889
245,0.08755023161290597,0.90290344884726,-0.420211183427646,0.022866576625858503
246,0.10736764464589978,0.93259247089341,-0.34013578932635835,-0.05523691641874384
247,0.1270233748058192,0.9472101138824819,-0.26019823860892366,-0.13767693719896867
248,0.14525037579160238,0.9465913000766703,-0.1818197022020163,-0.22317893010480683
249,0.1608019785055626,0.9308773770911155,-0.1063118821680015,-0.3103350064664945
250,0.17248992889773185,0.9005114884740705,-0.03484993900484168,-0.3976327015053289
251,0.17922104186921678,0.8562270727171404,0.03155060621948658,-0.483486894698013
252,0.18003149555998094,0.7990297814578384,0.09205247332854782,-0.5662741483627644
253,0.1741178490932154,0.7301732659749955,0.14601032317878468,-0.6443686536508342
254,0.16086394900309223,0.6511294282322023,0.1929792777980456,-0.7161789273231107
255,0.13986299308214717,0.5635538650755976,0.23271811447032043,-0.7801843779016806
256,0.11093414265982338,0.4692473484899741,0.2651871234065136,-0.8349708566811389
257,0.07413321230086156,0.3701142782592265,0.29054075398285933,-0.879264327797777
258,0.029757116133862227,0.26811911368114255,0.3091153061256659,-0.9119618316777668
259,-0.02165809128286278,0.16524183644461893,0.32141204797751616,-0.9321589767766516
260,-0.07934557846260765,0.06343351629934038,0.32807625538109536,-0.9391732741318026
261,-0.14232234018328055,-0.03542695571254929,0.3298727701060225,-0.9325627259526714
262,-0.20940971583824142,-0.1295739347271343,0.3276587595963359,-0.9121391909197102
263,-0.27925934629866367,-0.21739291684553744,0.3223544291983108,-0.8779761723341148
264,-0.3503839521078318,-0.2974543700295322,0.3149124866544841,-0.8304108077359806
265,-0.42119219042185985,-0.36854271383067255,0.3062871869216778,-0.7700399768437745
266,-0.4900267410053232,-0.4296797837486596,0.2974037924083973,-0.6977105852705031
267,-0.5552046855024382,-0.4801422551364969,0.2891292693849605,-0.6145042209891639
268,-0.6150591813308085,-0.5194726532599162,0.28224500599050084,-0.5217165155227511
269,-0.6679813935025896,-0.5474837365839372,0.27742228186525475,-0.4208316690021118
270,-0.7124616354670004,-0.5642562055943194,0.2752011453992859,-0.313492714439925
271,-0.7471286840433087,-0.5701298553454082,0.2759732638042057,-0.20146819895156948
272,-0.7707862733766695,-0.565688452326637,0.27996920599708786,-0.08661604569455802
273,-0.782445837656221,-0.5517387711172203,0.2872505013138119,0.029154572119712285
274,-0.7813546605181029,-0.5292843698044527,0.2977066913157338,0.14392246632538747
275,-0.7670186984632579,-0.49949481171520216,0.31105746061348205,0.25579387301891393
276,-0.7392194735678901,-0.46367115146939103,0.3268597990399316,0.36294118664686925
277,-0.6980245741050988,-0.4232085929812674,0.34452001505349894,0.46364009748914886
278,-0.6437914568947655,-0.37955729360463775,0.36331029230709067,0.556304280411877
279,-0.5771644084217379,-0.33418233051724966,0.38238936112911004,0.6395168427152773
280,-0.4990646889728333,-0.28852386165972904,0.40082674728890233,0.712057817969303
281,-0.4106740511007846,-0.24395850372251873,0.4176299646464578,0.7729270889568658
282,-0.3134119864878829,-0.20176291409890873,0.431773938561251,0.8213622338526037
283,-0.20890720971603144,-0.16308050332604532,0.4422318853013931,0.8568509128117684
284,-0.09896402971942037,-0.12889212087310997,0.4480068307412549,0.8791375441918653
285,0.014475613734483972,-0.09999145234173162,0.4481629304594368,0.8882241574217676
286,0.12937356346859366,-0.07696574288187275,0.4418557535232116,0.8843654496736713
287,0.24363933696742623,-0.060182323021317485,0.4283607138079058,0.8680582125317472
288,0.35517546333079864,-0.04978126266583047,0.4070988751502288,0.8400254293689958
289,0.4619231940840428,-0.04567432055211229,0.377659418946948,0.8011954708371448
290,0.5619075057445246,-0.04755019392867188,0.3398181434592479,0.752676931638818
291,0.6532803274493828,-0.05488591080128949,0.2935514610790419,0.6957297537560833
292,0.734360968467602,-0.06696404880822238,0.23904547075583207,0.6317333670700491
293,0.8036727870415791,-0.08289531467636037,0.17669980491522536,0.5621526457435292
294,0.859975232094348,-0.10164588004002939,0.10712608048411715,0.4885025262322271
295,0.9022905006844896,-0.12206874666336559,0.031140918823501507,0.41231215921604375
296,0.9299241839503077,-0.14293830989261103,-0.050246363919069725,0.3350894725029592
297,0.9424794194577834,-0.1629872061079622,-0.13585115970898695,0.2582870049951571
298,0.9398642247748084,-0.18094447014606777,-0.22433569890561314,0.18326983360208532
299,0.9222918518682053,-0.1955739936396811,-0.31423542103897417,0.11128635654833591
300,0.8902741704968132,-0.20571226586511254,-0.4039889897526238,0.043442619367451106
301,0.8446082569980651,-0.21030439525000066,-0.491971260473798,-0.01931922402807465
302,0.7863565285901442,-0.2084374517723817,-0.5765284310048393,-0.07623783106432652
303,0.7168209185050959,-0.19937023703486564,-0.6560145456017779,-0.12674460673758015
304,0.6375117301095747,-0.18255867816720084,-0.7288284837488096,-0.17047042052789035
305,0.5501119351484,-0.1576761516655396,-0.7934505467821771,-0.20724700194283743
306,0.4564377892446997,-0.12462817106809293,-0.8484777592662288,-0.23710304839076202
307,0.3583967241654311,-0.08356101479566858,-0.8926570275395592,-0.2602552133926272
308,0.2579435390060489,-0.03486402398328514,-0.9249153445516232,-0.27709427263961905
309,0.15703594984747596,0.020834539152669973,-0.944386296893804,-0.28816688684338215
310,0.057590568703095285,0.0826780179622068,-0.9504322151890815,-0.2941534906695321
311,-0.03855963253581999,0.1495980555993102,-0.9426614106754825,-0.29584293353554614
312,-0.12970535851546502,0.2203370814752295,-0.9209400564262993,-0.2941045782861546
313,-0.2142975785217331,0.2934760656066656,-0.885398398372364,-0.28985862573918225
314,-0.29097980678409,0.36746688034729674,-0.8364311160279274,-0.28404547528871654
315,-0.35861532565430415,0.4406684889949504,-0.7746917922706358,-0.2775949531264448
316,-0.41630873069047625,0.5113860800026984,-0.7010815922661258,-0.2713962396864623
317,-0.4634213200117494,0.5779121865494488,-0.6167323902038091,-0.26626930666094484
318,-0.49958000501242966,0.6385687760625405,-0.5229847155170684,-0.2629386319377598
319,-0.5246795817664194,0.6917492643562113,-0.42136101442982565,-0.26200989916169903
320,-0.5388783681621042,0.7359594051525875,-0.3135348349494711,-0.2639503088984711
321,-0.5425873768503423,0.7698560280340117,-0.2012966410532541,-0.26907303261946747
322,-0.536453354351579,0.7922826458314399,-0.08651704239232211,-0.2775262313637353
323,-0.5213361681639475,0.8023010249381283,0.02889171261418877,-0.2892869407518739
324,-0.49828116267721856,0.7992179072914289,0.14301509141312016,-0.30415999607747973
325,-0.46848722767982853,0.782606188460869,0.25397557132870335,-0.3217820387341088
326,-0.43327142720241973,0.752319989578255,0.3599709671438185,-0.34163051161232466
327,-0.39403111880494773,0.7085032084639247,0.4593109109264838,-0.3630374197152839
328,-0.3522045521617385,0.6515912936030144,0.550450648584559,-0.38520750643015006
329,-0.3092309694978337,0.5823061496957902,0.6320213836254293,-0.40724037885515535
330,-0.26651123827787554,0.5016442512652376,0.7028564831387093,-0.4281560102976658
331,-0.2253700283895574,0.41085820710060883,0.7620129620144317,-0.4469229572127098
332,-0.18702050239331522,0.31143217902671777,0.808787776357527,-0.46248855376740994
333,-0.15253241936264963,0.2050517096312573,0.8427285831194351,-0.473810291798506
334,-0.12280446215933251,0.09356865140524262,0.8636387570253746,-0.47988755861308513
335,-0.09854148698493698,-0.02103798916846783,0.871576594622777,-0.47979289079800713
336,-0.08023726554278335,-0.1367043777156877,0.8668487752913335,-0.47270190935461465
337,-0.06816314738747015,-0.25132635434557155,0.8499982868901339,-0.457921129926802
338,-0.06236291664389246,-0.3628050635774887,0.8217871559816903,-0.4349128909721177
339,-0.06265395711962415,-0.4690926339100182,0.783174446019244,-0.40331671124695734
340,-0.06863467695793252,-0.5682368262879747,0.7352900984868421,-0.3629664742593448
341,-0.07969798249401949,-0.65842359432936,0.6794052890152021,-0.3139029392582341
342,-0.0950504349586753,-0.7380165486498451,0.6169000505976753,-0.25638119335420484
343,-0.11373657705778045,-0.8055923917559293,0.5492289772626635,-0.19087278464765878
344,-0.13466778294198153,-0.8599714869486212,0.4778858624547718,-0.11806240866054396
345,-0.15665486803851422,-0.9002428420990556,0.4043681459782249,-0.03883915662554577
346,-0.1784435976024492,-0.9257829241323584,0.33014204123518265,0.045717529118507017
347,-0.19875215712582905,-0.9362678692582603,0.2566091907612288,0.1343569136639229
348,-0.21630959583846882,-0.9316788137358125,0.18507565337259874,0.22568063566185026
349,-0.2298942277643823,-0.9123002363151475,0.11672396176575978,0.3181704568460877
350,-0.2383709738523139,-0.8787113723581675,0.05258890681398784,0.41021946540020626
351,-0.24072665361871246,-0.8317709268389756,-0.006462393800324165,0.5001660134088838
352,-0.23610228491861662,-0.7725954748429675,-0.05974569708580449,0.5863295958657638
353,-0.2238215246511174,-0.7025320898452675,-0.1067697836083412,0.6670478252334822
354,-0.20341447956473066,-0.6231258782228436,-0.1472413612783528,0.740713622745876
355,-0.17463623245044627,-0.5360832197450552,-0.1810646662021054,0.8058117363729619
356,-0.13747956199428502,-0.44323161522033133,-0.20833583820615703,0.8609537059691303
357,-0.09218148108020119,-0.3464771215714051,-0.22933228158110802,0.9049104283840784
358,-0.03922337471903431,-0.24776040944507194,-0.24449734866086914,0.9366415284862544
359,0.020675318889519123,-0.1490125077129948,-0.25442080186972404,0.9553208148626651
360,0.0865697764497137,-0.05211130220355969,-0.25981561587707636,0.9603571896614881
361,0.15730853714826654,0.04116016731092387,-0.2614917728477375,0.9514104884329156
362,0.23155790441264917,0.12915261684179524,-0.2603277781865026,0.9284018453080616
363,0.3078314311418845,0.2103857130105396,-0.2572406797976674,0.8915183085161065
364,0.38452378620247,0.28357872732914086,-0.25315540933772207,0.8412115679030754
365,0.4599481857033968,0.34767594039353156,-0.24897427836399325,0.7781907964328283
366,0.5323764784009792,0.40186621976689857,-0.24554745533619898,0.7034097481792222
367,0.6000809029315555,0.44559634251464336,-0.24364522131136032,0.6180483926089945
368,0.6613764872616243,0.4785777907179695,-0.24393275361922082,0.5234894956355157
369,0.7146630390109789,0.5007869119022069,-0.2469481190622061,0.42129067878447246
370,0.7584656797362783,0.5124585020815937,-0.25308407298225316,0.3131525958844723
371,0.7914729068005536,0.5140730329073695,-0.262574160046155,0.20088395932518144
372,0.8125712223875189,0.5063379021288464,-0.2754834993767356,0.08636422283883755
373,0.8208754492036087,0.49016323431067904,-0.29170451357490157,-0.028495216877556823
374,0.8157539544996057,0.4666328928211259,-0.3109577313616594,-0.1417904029264634
375,0.7968481257405163,0.4369714811887859,-0.3327976603145998,-0.25166387587540695
376,0.7640855795673736,0.40250820911882795,-0.3566235928616788,-0.35634250617007823
377,0.7176867372235729,0.36463857336597894,-0.38169507871203034,-0.45417323227379036
378,0.6581645606233792,0.3247848544406589,-0.4071516735507283,-0.5436558876626216
379,0.5863174097453115,0.2843564555429368,-0.4320364602402232,-0.623472371676326
380,0.5032151499212392,0.2447111095789299,-0.45532273784838606,-0.6925115090282913
381,0.4101788027084072,0.207117953668277,-0.4759431881389669,-0.7498890482871992
382,0.30875419228682943,0.1727234189008974,-0.49282076091041027,-0.7949623682440462
383,0.20068018679580696,0.14252080757968688,-0.5049004705114114,-0.8273395898370801
384,0.08785226705357824,0.11732433272209977,-0.5111812672752525,-0.8468829270399318
385,-0.02771772960997812,0.09774827766753486,-0.5107471402628142,-0.8537062494744072
386,-0.14394474799868032,0.08419180021396402,-0.5027966218188927,-0.8481669690502242
387,-0.25871552204907206,0.07682975916425192,-0.486669899719496,-0.830852499222731
388,-0.36993438909253,0.07560978520531167,-0.46187279828017686,-0.8025616651427983
389,-0.4755688292481637,0.0802556566116012,-0.428096964356356,-0.764281562866881
390,-0.5736936532293242,0.09027687743429208,-0.38523568586745804,-0.7171604729621784
391,-0.6625327935965475,0.10498419571880868,-0.33339487705635074,-0.6624775256648394
392,-0.7404977117992676,0.12351064592686709,-0.27289888351689795,-0.6016098889961875
393,-0.8062215148109447,0.1448375569956638,-0.20429088813677,-0.5359983061202384
394,-0.8585879787705107,0.1678248389494542,-0.1283278333249065,-0.4671118424280119
395,-0.896754800244111,0.19124474993408075,-0.04596991187920341,-0.39641271556750823
396,-0.9201705354751549,0.21381825477989802,0.04163518481813483,-0.32532207264709484
397,-0.9285848408497219,0.2342530180119331,0.13317294031959284,-0.25518754840908253
398,-0.922051789996293,0.25128203034911845,0.2271871624918691,-0.187253387117955
399,-0.900926210461012,0.2637018492890987,0.32210904851300903,-0.12263384056577685
400,-0.8658531516198494,0.27040944184429483,0.41628950423986893,-0.06229046677594008
401,-0.8177507612466461,0.27043665071157996,0.5080339716274628,-0.007013850929364282
402,-0.7577870068655015,0.2629813633077281,0.5956389508985094,0.04258984563433037
403,-0.6873508257690836,0.24743454474558496,0.6774293569770415,0.08610722784282288
404,-0.6080184207475932,0.22340239893114272,0.7517958235328549,0.12332075211405656
405,-0.5215155338747856,0.19072304395729606,0.8172310635344446,0.15420654079942808
406,-0.42967662531397105,0.1494772258107257,0.872364412637586,0.17892704710636864
407,-0.3344019557277972,0.09999274464627889,0.9159937206640444,0.197818822986
408,-0.23761361776350332,0.0428424267585128,0.947113815935581,0.2113757667915842
409,-0.14121158311872126,-0.02116436108756531,0.9649408458957214,0.22022834180665524
410,-0.047030826392362654,-0.09099649421604544,0.9689318933742076,0.22511935814476902
411,0.04319944453469726,-0.16542184821408942,0.9587993786945506,0.22687699649870655
412,0.12789347863681405,-0.2430335585147821,0.9345198808911039,0.22638582061844506
413,0.20564270012016572,-0.3222811656995299,0.8963371435799702,0.22455657452307412
414,0.2752446652669495,-0.4015059043565485,0.8447591692798853,0.22229558908461122
415,0.3357265897305287,-0.4789792850640445,0.7805494468167222,0.22047463006330786
416,0.3863629162039141,-0.552944031746929,0.7047124964136048,0.21990200575792668
417,0.4266865430460708,-0.6216563725085554,0.6184740527329656,0.22129571753415417
418,0.456493494059483,-0.6834286427104859,0.523256334167086,0.22525938151005617
419,0.4758409741749534,-0.7366711455935195,0.42064896392668677,0.23226157601628977
420,0.48503892120301356,-0.7799322284886766,0.3123762120750705,0.2426191789874284
421,0.48463532592651637,-0.8119355713893135,0.20026131505726064,0.25648515447944586
422,0.4753957475939261,-0.8316137484304462,0.0861886983379424,0.273841130712477
423,0.45827759547262115,-0.838137210108665,-0.02793502320024502,0.29449498637141386
424,0.4343998759655629,-0.8309379427481233,-0.14022036462943963,0.31808353054788296
425,0.4050092156840506,-0.8097271891139239,-0.24883370172615787,0.3440802280078088
426,0.3714430610582531,-0.7745067570631007,-0.3520345207987971,0.3718077888119505
427,0.3350910223297438,-0.7255735981845652,-0.44821033299664664,0.40045531307069493
428,0.29735537245686194,-0.6635175016883412,-0.5359084568667054,0.4290995610380569
429,0.2596117285410718,-0.5892119163277696,-0.6138639504912075,0.4567298089117866
430,0.22317093446003322,-0.5037980807356529,-0.6810230693789577,0.4822756544062431
431,0.18924312873141313,-0.4086628060790372,-0.7365617360433924,0.5046370558652058
432,0.15890492213654095,-0.3054104103402063,-0.7798986291575856,0.5227158264437093
433,0.13307052683198775,-0.1958294469617877,-0.810702631312042,0.5354477623214375
434,0.11246757468155473,-0.08185499849725675,-0.8288945114705849,0.5418345621314613
435,0.09761823999169866,0.03447258488867855,-0.8346428578371151,0.5409746943929179
436,0.088826143836089,0.15105153443443858,-0.8283544155655543,0.5320923907830947
437,0.08616936720079524,0.2657640674763718,-0.8106591181488816,0.5145639850948581
438,0.08949974206128827,0.3765222769834208,-0.7823902281034617,0.4879408796917909
439,0.09844842720946967,0.4813134222497147,-0.744560118608939,0.4519685016893245
440,0.11243761328163429,0.5782435507151493,-0.698332330230753,0.4066007079806357
441,0.13069804309418093,0.6655784206995023,-0.6449906232390147,0.35200920920375633
442,0.15229188307147384,0.7417807598371945,-0.5859058142496367,0.28858770506446574
443,0.17614034304323092,0.8055429825876574,-0.522501234306215,0.21695055405525415
444,0.20105531849728253,0.8558146001844241,-0.45621767294985227,0.13792593629681676
445,0.2257742246101842,0.8918236850610682,-0.3884786786641047,0.052543605597174636
446,0.24899710769579186,0.9130918959769259,-0.3206570702503301,-0.03798253755176395
447,0.2694250592324411,0.9194427262002697,-0.25404347663987314,-0.1322766898275723
448,0.2857989218940407,0.9110028013368136,-0.18981766536810207,-0.22882772147376912
449,0.2969372669382404,0.8881962216626861,-0.1290233439085775,-0.3260194902977873
450,0.3017726381721998,0.8517321119820812,-0.07254702524608236,-0.422164201936971
451,0.2993850991473479,0.802585705932972,-0.021101441824991338,-0.5155380453405053
452,0.28903218621162324,0.7419734472700976,0.024786126930753882,-0.6044182713912785
453,0.2701744589369569,0.671322734132051,0.0647803759520935,-0.6871208418226796
454,0.242495949030679,0.5922370601209102,0.09873924021740198,-0.7620377561278304
455,0.2059189364011279,0.5064574150510097,0.12670993548093917,-0.8276731665468533
456,0.16061262339555632,0.41582089578971027,0.14891993857770436,-0.8826774154381971
457,0.10699543180524379,0.32221754158496263,0.16576320102747719,-0.925878174844227
458,0.04573080819569464,0.22754644710339034,0.17778201091497658,-0.9563079337678944
459,-0.022283412561723448,0.13367221917091213,0.18564502830364651,-0.9732271630059722
460,-0.09593187212556503,0.042382829640646436,0.19012211598291806,-0.9761425882914394
461,-0.1739044097700262,-0.044650122706147086,0.19205666773446145,-0.9648201175263726
462,-0.2547241177711784,-0.1259077927649065,0.1923361985240393,-0.9392920942305887
463,-0.3367800719378433,-0.20005625148244077,0.1918620035314312,-0.899858683899447
464,-0.418363957007283,-0.26597367804713234,0.19151871466897125,-0.8470833394624334
465,-0.4977097046459428,-0.32277195703572203,0.19214458368084464,-0.7817824330430395
466,-0.5730351815446468,-0.369812197868683,0.1945033000671304,-0.7050092802812061
467,-0.6425849086223165,-0.406713847682659,0.19925811048348696,-0.6180329171820529
468,-0.7046727611083556,-0.4333572301776921,0.20694894499482772,-0.5223121145159921
469,-0.7577235940877075,-0.4498795080965601,0.21797317617202797,-0.41946522815018505
470,-0.8003127591447523,-0.45666423161729347,0.2325705415328496,-0.3112365825583844
471,-0.8312025245570798,-0.454324794976241,0.2508126506659337,-0.199460166714203
472,-0.8493744829510557,-0.4436822750962817,0.27259737830952147,-0.08602148461744871
473,-0.8540571247068103,-0.4257382650998327,0.2976483167283919,0.027181554703016586
474,-0.8447478703867384,-0.40164343887918713,0.32551932818792145,0.13827780175595028
475,-0.8212289882400149,-0.37266268731546576,0.35560410452359115,0.2454611806438276
476,-0.7835769701427643,-0.3401377496964527,0.3871505091433034,0.34702727034543557
477,-0.7321650975401609,-0.30544832333614735,0.4192793506207625,0.44140731513895026
478,-0.667659094162064,-0.2699726688883971,0.45100711954936923,0.5271988905069498
479,-0.5910059304067778,-0.2350487375441675,0.48127211451711194,0.6031925339318618
480,-0.5034160111748176,-0.20193682902372737,0.5089632916355378,0.6683937496298078
481,-0.40633914045649233,-0.17178474648972966,0.532951097349015,0.722039910005687
482,-0.30143480813792833,-0.14559634732201004,0.5521194881881926,0.7636117016207589
483,-0.19053748352046238,-0.12420429882891836,0.5653983051685687,0.7928388966483758
484,-0.0756177225041659,-0.10824773770940169,0.571795155625157,0.8097003688573194
485,0.0412600017684637,-0.09815540422197674,0.5704259618416171,0.8144184126928569
486,0.1579817543285852,-0.0941346797986913,0.5605433637637983,0.807447561578349
487,0.272429832858061,-0.09616680386076515,0.5415622117331477,0.7894582337444056
488,0.3825286232793643,-0.1040083857132151,0.5130814533644776,0.7613156574553803
489,0.4862895339031501,-0.1171991646567341,0.4749018047634906,0.7240546394108587
490,0.5818539474336676,-0.1350758099648496,0.4270386981185339,0.6788508376126706
491,0.6675331779144722,-0.15679139621018412,0.3697301127988839,0.6269892807278338
492,0.7418444922288194,-0.18134004252875016,0.30343902260035993,0.5698309379884303
493,0.8035423512615424,-0.20758607049566855,0.22885032458766885,0.5087781854613643
494,0.851644141922962,-0.23429691773427902,0.14686225179120538,0.44524003511289606
495,0.8854498050633319,-0.26017894616802806,0.058572409421062066,0.38059799203202294
496,0.9045549125619956,-0.2839152074389846,-0.03474129116484964,0.31617338254988314
497,0.9088569058962178,-0.3042041754011461,-0.1316443981163883,0.253196952426041
498,0.8985543743533512,-0.31979842809572945,-0.23057386276581643,0.19278147091255818
499,0.8741394196508437,-0.3295422599452442,-0.32986953311805783,0.1358979949930702
