,0,1,2,3
0,0.8064412601584892,0.0,-0.5913142091257304,0.0
1,0.7546015765451541,0.013217569588950012,-0.6523293663464487,-0.06977216014836987
2,0.692559023388621,0.029907611356706706,-0.7080319925808906,-0.1347524819358428
3,0.6214673807484709,0.05044324607594591,-0.7572703959341761,-0.19435874313406262
4,0.5426339817841617,0.07506141904957889,-0.7989559181692277,-0.24816040378290868
5,0.4574911934138596,0.1038504208609545,-0.8320888627123761,-0.29588008142791544
6,0.3675653755406393,0.136741526218163,-0.8557830758897125,-0.3373911331554796
7,0.27444405190740406,0.1735050134315623,-0.8692885714403895,-0.3727114866084571
8,0.17974206536745432,0.21375071373929652,-0.87201162947747,-0.4019939556379309
9,0.08506751121381523,0.2569331222119307,-0.8635318564174955,-0.4255133631256139
10,-0.00801175628372075,0.3023609832938924,-0.8436157606633204,-0.4436508716358484
11,-0.09800026683155764,0.3492111471787957,-0.8122264783645499,-0.45687598999130463
12,-0.18350498597599024,0.396546381128556,-0.7695293724769923,-0.46572677894980896
13,-0.26326258995514773,0.4433367153766421,-0.7158933244423398,-0.4707888205427704
14,-0.33616334882223753,0.4884838090604343,-0.6518876387749716,-0.4726735423173374
15,-0.40127108908454756,0.5308477401086097,-0.5782745842130387,-0.4719964990757033
16,-0.45783880566408536,0.5692755562541159,-0.49599769834083973,-0.4693562104843616
17,-0.505319601682279,0.6026308740717539,-0.40616608319290415,-0.4653141332851516
18,-0.5433727506903674,0.6298237804610342,-0.31003501484251256,-0.46037631231912657
19,-0.5718647966165868,0.6498402771754322,-0.2089832780165365,-0.4549772060891518
20,-0.5908657288808978,0.6617705142381205,-0.10448771520296146,-0.44946612140485454
21,-0.6006403908045896,0.6648350823050422,0.0019044534000380309,-0.4440966193609276
22,-0.6016353956248881,0.6584086766872876,0.10860492904935481,-0.43901917336303636
23,-0.5944619332399372,0.6420405058129139,0.2140146035068735,-0.4342772712334021
24,-0.5798749495716564,0.6154708929437154,0.3165541250353707,-0.42980705987852885
25,-0.5587492667126941,0.578643610113927,0.41469408075615716,-0.42544053498480233
26,-0.5320532837039562,0.5317135853191881,0.5069841233950878,-0.4209121821855076
27,-0.5008209531238984,0.47504973544834417,0.5920803951043496,-0.4158688825767152
28,-0.46612276632375205,0.4092327955724271,0.6687706411578047,-0.409882806748523
29,-0.42903649922206566,0.33504813706886094,0.7359964608980121,-0.40246693991874755
30,-0.39061847065098454,0.25347368965092804,0.7928722110287485,-0.3930928084045986
31,-0.35187604637537956,0.1656632026565858,0.8387001555414755,-0.38120991640761315
32,-0.3137420846081945,0.07292519594292057,0.8729815453003447,-0.3662663535016741
33,-0.277051964106104,-0.023301942423929467,0.8954234064177697,-0.3477299985670202
34,-0.24252376516929477,-0.12147815845748194,0.9059409176818729,-0.3251097261166048
35,-0.21074208890831406,-0.21999259845826002,0.9046553609778876,-0.29797601655185435
36,-0.18214590315377216,-0.31719643551819754,0.8918877323476333,-0.2659803830109341
37,-0.1570206968448903,-0.41143690210611084,0.8681482025270959,-0.228873053889365
38,-0.13549511135102243,-0.5010917421678688,0.834121712029817,-0.18651839118862218
39,-0.1175420998360256,-0.5846032828951399,0.7906500747673219,-0.1389075795800617
40,-0.1029845474450567,-0.6605113324634637,0.7387110436651186,-0.08616818810945714
41,-0.0915051687754711,-0.7274841354897441,0.6793948598287823,-0.02857028414876256
42,-0.08266038773323814,-0.7843466621101642,0.6138788619083306,0.03347113440813665
43,-0.07589780129202514,-0.83010556836836,0.543400773093776,0.09939752976792227
44,-0.07057673548451174,-0.86397024353092,0.4692313086998304,0.16851208157671255
45,-0.0659913215219553,-0.8853694521140927,0.392646756992078,0.23998875592531713
46,-0.061395454293554697,-0.8939631825609653,0.3149021795923574,0.3128850327285425
47,-0.05602894630334207,-0.8896494281049352,0.2372058556962977,0.3861580431275341
48,-0.04914415860575773,-0.8725657456121977,0.16069555705051483,0.45868377909338176
49,-0.04003237730193012,-0.8430855621679068,0.08641718915582579,0.5292789557974001
50,-0.028049209990932553,-0.801809323820853,0.01530626982077442,0.5967250356378607
51,-0.012638301092859239,-0.7495507031768831,-0.051827359361699674,0.6597938629103186
52,0.006647292438668573,-0.6873181994382351,-0.11431127787641644,0.7172743115255675
53,0.030126663886501287,-0.6162925731643347,-0.17161846871436848,0.7679993161336072
54,0.05797608177178265,-0.5378006558238355,-0.22337141636601154,0.810872640362521
55,0.09021791209180782,-0.45328615873219447,-0.2693422975158114,0.8448947351052147
56,0.12671377266484463,-0.3642781751675501,-0.3094493405865032,0.8691870549681575
57,0.16716214545420327,-0.27235812165383644,-0.34374952668496966,0.8830142318220027
58,0.2111005576286079,-0.17912589833893863,-0.3724278958847428,0.8858035501622363
59,0.25791232378932266,-0.08616606327474988,-0.3957838068626034,0.8771612286248571
60,0.30683772324603353,0.004985189105824933,-0.4142145725968644,0.8568850840872226
61,0.35698937045156615,0.09287147877301752,-0.4281969582811751,0.8249732375864425
62,0.4073714266428481,0.17614539597385756,-0.43826707824540456,0.7816286128068879
63,0.45690219917483804,0.25359469792583406,-0.44499926526487377,0.7272590759054329
64,0.5044395845590387,0.32416495797814154,-0.4489845072977796,0.662473167573981
65,0.5488087341373482,0.38697816890804415,-0.4508090529126806,0.588071481994417
66,0.5888312596119074,0.44134690388433145,-0.4510337773383418,0.5050338501877643
67,0.6233552509061479,0.4867837497897215,-0.45017487646458815,0.4145025846825129
68,0.6512853522231584,0.5230058452741879,-0.4486864169081804,0.3177621359927698
69,0.6716121344138446,0.5499344771784476,-0.4469452174634535,0.21621559681275065
70,0.6834400131180247,0.5676898108043575,-0.4452384722573235,0.11135856500562186
71,0.6860129923676845,0.5765809488904142,-0.4437544504033541,0.004750939547305821
72,0.6787375617424157,0.5770916281161033,-0.4425765228461586,-0.10201272696908609
73,0.6612021405866318,0.5698619676885268,-0.44168067656760185,-0.20733366106979
74,0.6331925436537997,0.555666779448671,-0.4409365817136895,-0.30963940928928946
75,0.5947030368643846,0.5353910306379547,-0.4401121809222156,-0.40741380740053157
76,0.5459426573421762,0.5100031169861671,-0.43888167465458594,-0.49922571168855506
77,0.4873365859370755,0.48052665350012513,-0.4368366841087138,-0.5837558553882519
78,0.41952248024289085,0.4480115220512353,-0.43350028667971535,-0.6598212380098063
79,0.3433417987199154,0.4135049278346428,-0.42834354016570014,-0.7263965139691647
80,0.2598262689035025,0.37802321072810574,-0.42080404301434104,-0.7826319182868033
81,0.17017977179219107,0.34252513271676427,-0.41030602065034805,-0.8278673493671549
82,0.07575602740887571,0.3078873195437555,-0.3962813837990907,-0.8616423200085195
83,-0.021967429586817022,0.2748824747228722,-0.37819117488121584,-0.8837015855873204
84,-0.12141840307125773,0.24416090856034936,-0.35554680379022807,-0.8939963604182981
85,-0.22096165786344124,0.21623583581681804,-0.3279304750927274,-0.892681137119128
86,-0.3189322892834448,0.19147279537285977,-0.2950142249305358,-0.8801062268687567
87,-0.41367007267370143,0.1700834362982567,-0.2565770172850008,-0.8568062382314015
88,-0.5035539991497243,0.1521237998373511,-0.212519395032448,-0.8234848062948137
89,-0.5870361965455065,0.13749710892861766,-0.1628752402577701,-0.7809959699592774
90,-0.6626744466657011,0.12596095896645582,-0.10782026914515419,-0.7303226712310281
91,-0.7291625412770106,0.11713868857592974,-0.04767696767498003,-0.6725529144911067
92,-0.785357769016019,0.11053460011864322,0.017084236689394017,-0.6088541743960814
93,-0.8303048923560825,0.10555259924181973,0.0858476773617689,-0.540446677124061
94,-0.8632560563318759,0.1015177335656181,0.15785903684462105,-0.46857620027539415
95,-0.8836861668516404,0.09770003483529602,0.23223573337494446,-0.3944870414247318
96,-0.8913033837835078,0.09334000846503547,0.3079809208716705,-0.3193957940469056
97,-0.8860544899553454,0.08767507090131832,0.3840008233049498,-0.24446654264651688
98,-0.8681250189173892,0.0799662097415586,0.45912503719933845,-0.1707880471401818
99,-0.8379341488013962,0.06952413471037744,0.53212935713031,-0.09935343096912094
100,-0.7961244938194031,0.055734199603038444,0.6017606107856686,-0.0310428194961338
101,-0.7435470458371268,0.03807940585972033,0.6667629341901611,0.03339070329269238
102,-0.6812416330725172,0.01616084677441812,0.7259048754803773,0.09333153890321874
103,-0.6104133685060651,-0.010284983741662396,0.7780066882756329,0.14830823192558545
104,-0.5324056544693858,-0.04137251405863307,0.8219671639594963,0.1979962513328825
105,-0.4486703898145773,-0.07705745279999268,0.8567893564198413,0.2422169048544825
106,-0.36073609011786123,-0.1171314818877891,0.8816045729510389,0.28093249400712833
107,-0.2701746779896521,-0.16122147324458652,0.895694040662807,0.3142379121926054
108,-0.17856772863448117,-0.20879330112386535,0.8985077080443153,0.3423489773331792
109,-0.0874729646728035,-0.2591602031735863,0.8896797051119694,0.3655878715907542
110,0.0016082162771638153,-0.3114955252176468,0.8690400613015803,0.3843661317841809
111,0.08726142735600231,-0.364849570353746,0.8366223661283934,0.3991656934184207
112,0.16818748556377106,-0.41817016521066486,0.7926671515557404,0.41051853730608534
113,0.24322747120459862,-0.47032645781790344,0.7376208747066297,0.41898551946923496
114,0.31138409311004034,-0.5201353750195387,0.6721304825973592,0.4251349815938024
115,0.3718388929260395,-0.5663900949218145,0.597033644457279,0.4295217403904649
116,0.4239649266579664,-0.6078898333606545,0.5133448393882373,0.4326670398055809
117,0.46733467501064424,-0.6434702042748515,0.4222375851142901,0.4350400205268794
118,0.5017230530047384,-0.672033393203884,0.32502318497972427,0.4370412174247573
119,0.5271055109307321,-0.6925773814671596,0.2231264529344874,0.4389885386059865
120,0.5436513398911841,-0.7042234760210192,0.11805894797811683,0.4411061111089862
121,0.5517124129689486,-0.7062414361507066,0.01139030865959001,0.44351629970995
122,0.5518077045222791,-0.6980715421884073,-0.09528167669744936,0.44623511885806794
123,0.5446040324880718,-0.6793430220596693,-0.2003615984605363,0.449171165636114
124,0.5308935593442856,-0.6498883369374377,-0.30228687323748493,0.45212810621299715
125,0.5115686643080958,-0.6097529255411233,-0.3995574331083446,0.4548106519640249
126,0.48759486054353834,-0.5592001152508325,-0.4907639975220082,0.45683386675158155
127,0.45998247513327256,-0.49871102454573457,-0.5746143029427471,0.45773555621169854
128,0.42975783527877487,-0.4289794024558204,-0.6499567143168383,0.45699140560803453
129,0.39793471103564804,-0.35090147374873987,-0.7158007050914027,0.4540324570607114
130,0.36548675274320025,-0.26556098041806314,-0.7713337673168434,0.44826445168609075
131,0.33332163052339303,-0.17420972768130744,-0.8159343984644638,0.4390885090831503
132,0.30225753462376465,-0.07824405322039274,-0.8491809049040535,0.4259225770549651
133,0.2730026302280724,0.02082226093845385,-0.870855861225132,0.40822305950031523
134,0.2461379803369489,0.12138802620556804,-0.8809461673198535,0.3855060207234442
135,0.22210435748000756,0.22179695342724698,-0.8796387488623255,0.35736737027701476
136,0.20119326173174296,0.32037148831957696,-0.8673120489851769,0.3235014537691852
137,0.1835423513973262,0.41544739804849024,-0.8445235570782657,0.28371751133504713
138,0.169135376636286,0.5054083099985166,-0.811993712329649,0.23795351582117985
139,0.1578065881506099,0.5887194024703696,-0.7705866026709789,0.18628696592943447
140,0.149249475876431,0.6639594651669829,-0.7212879521720708,0.12894228405455374
141,0.14302957935664667,0.7298505844431947,-0.6651809499134488,0.06629455248532062
142,0.1386010050066003,0.785284763511575,-0.6034205195223449,-0.0011305870662907669
143,0.13532618851439412,0.8293468597741565,-0.5372066598030318,-0.07266094926563033
144,0.13249835559966733,0.8613333084309895,-0.46775750251450876,-0.14748571589174148
145,0.12936606344578605,0.8807662013751927,-0.39628273302368894,-0.22466712187352156
146,0.1251591501204183,0.8874024006758068,-0.3239580033635949,-0.3031557000497007
147,0.11911538160738629,0.8812374839725469,-0.2519009356199055,-0.3818087758814309
148,0.11050706665097193,0.8625044419679213,-0.18114926740419113,-0.4594118182249213
149,0.09866690896485532,0.8316671728911037,-0.11264163165653232,-0.5347021763826976
150,0.08301238451010601,0.7894089422691579,-0.04720139169158896,-0.6063946689292475
151,0.06306796805553092,0.7366160955507073,0.014476128911077413,-0.6732084379096328
152,0.03848458719068615,0.6743574231680675,0.07183277119684038,-0.7338944442827393
153,0.009055752018841318,0.6038596797574344,0.12445286500238922,-0.7872629579189654
154,-0.025270106841152606,0.5264798489911282,0.17206469501311977,-0.8322103886857921
155,-0.06438146268665884,0.4436748206275326,0.21453815021378436,-0.8677448143932067
156,-0.10799994391203827,0.3569692051316095,0.2518786954028352,-0.8930095864574294
157,-0.15568116270485577,0.2679220521475273,0.28421789644872414,-0.907304434514779
158,-0.20682015421266026,0.178093261242645,0.31180081748297667,-0.9101035459376903
159,-0.26066134003216823,0.0890104761823875,0.3349706860878013,-0.9010701639740861
160,-0.3163128124835528,0.002137237509993728,0.3541512898046202,-0.8800673274268797
161,-0.3727646234252196,-0.08115686715635825,0.36982762229423727,-0.8471644635041122
162,-0.42891065619311486,-0.15962336901710936,0.3825253388615332,-0.802639641555594
163,-0.4835735642826363,-0.23215878400287734,0.3927896078053906,-0.7469773965371248
164,-0.53553217804801,-0.29782464727928737,0.40116395552688827,-0.6808621347483951
165,-0.583550713078713,-0.35586328236226,0.4081696992709474,-0.6051672381488834
166,-0.6264090627643012,-0.40570897854968574,0.4142865419268672,-0.5209400848362498
167,-0.6629334242082503,-0.446994365614364,0.4199348689985634,-0.42938329960036276
168,-0.6920264919850159,-0.47955189461164804,0.4254602395784279,-0.33183263748937974
169,-0.712696458673983,-0.5034104552417842,0.4311205021745071,-0.2297319828661724
170,-0.7240840845943104,-0.51878728044371,0.43707589412524,-0.12460601454849762
171,-0.7254871411748258,-0.5260754047942733,0.44338240194583706,-0.018031142649912346
172,-0.7163815919294678,-0.5258270519687881,0.44998857137677667,0.08839463667385822
173,-0.6964389506387476,-0.5187334252944124,0.4567358624202052,0.19308229720716855
174,-0.6655393462254418,-0.5056014618576223,0.46336254865105375,0.29448206889528655
175,-0.623779925764419,-0.48732818258458777,0.4695110640370885,0.39111278094546764
176,-0.5714783385844396,-0.4648733264368351,0.47473860685856706,0.4815896116553052
177,-0.509171162764376,-0.43923099500176144,0.4785307214861412,0.5646496335187781
178,-0.43760725758440344,-0.411401053398012,0.4803174970374294,0.6391745954057982
179,-0.35773614864901565,-0.38236103411391303,0.47949194939190953,0.7042104500853814
180,-0.27069167341175937,-0.3530392721827196,0.4754300915737958,0.7589832134298948
181,-0.17777123070856943,-0.32428996347553246,0.46751214870746904,0.8029108293779088
182,-0.08041108577804262,-0.29687078382644,0.4551443388861697,0.8356108099911955
183,0.019841720561996623,-0.2714236365966479,0.4377806212965054,0.8569035203796511
184,0.12136022581464673,-0.24845901193844078,0.41494380835950484,0.8668110814248408
185,0.22247046110245494,-0.22834434459434488,0.3862454496450204,0.8655519665838407
186,0.3214856741786763,-0.2112966510227166,0.3514039216585012,0.8535314700744722
187,0.41674107266513916,-0.19737961367794726,0.3102601986685308,0.831328319967758
188,0.5066282852903142,-0.1865051632635633,0.26279083454770646,0.7996777988024601
189,0.5896287436035432,-0.17843949169130677,0.209117752798537,0.7594518141303931
190,0.6643452106907131,-0.1728133123155437,0.14951451987459574,0.7116364299735581
191,0.7295307262370392,-0.1691360727167148,0.08440886365634598,0.6573074258809736
192,0.784114297837079,-0.16681372170273798,0.01438129234552743,0.5976044917917009
193,0.8272227452638443,-0.16516953891118902,-0.05984023322536103,0.5337046932729288
194,0.8581981956003998,-0.16346745479500874,-0.13738952125269266,0.46679585231770665
195,0.8766108304764524,-0.16093722290726742,-0.21727511296378987,0.39805048355812
196,0.88226659960641,-0.15680075694218695,-0.2983967414179986,0.3286009046737674
197,0.875209734625657,-0.15029891320174898,-0.37956494715546507,0.25951610354220717
198,0.8557200209305071,-0.14071798585704715,-0.45952343012646485,0.19178089425131872
199,0.8243049098120577,-0.12741518791158768,-0.5369736446049231,0.1262778307894715
200,0.7816866755815751,-0.1098424150265027,-0.6106010827999527,0.06377227268101042
201,0.7287849396176108,-0.08756763173903226,-0.6791026451946809,0.004900912951646227
202,0.6666949924546763,-0.060293279043476145,-0.7412144624998916,-0.049836012270690566
203,0.5966624435126022,-0.027871177323752022,-0.7957395163907212,-0.1000787091764238
204,0.5200548134342867,0.009686512647559653,-0.8415744043967308,-0.14560798178962853
205,0.4383307541827738,0.052200607722748815,-0.8777346085428328,-0.186341631035836
206,0.35300763534941104,0.09932272731239356,-0.9033776572996417,-0.222327266694961
207,0.26562827026551183,0.15053773775346496,-0.9178236154128401,-0.25373179252573935
208,0.1777275716630945,0.20517080991711828,-0.9205723951867245,-0.2808279086003871
209,0.09079992343966209,0.26239896482569636,-0.9113174543919733,-0.30397804934286016
210,0.0062680326705528006,0.3212668656906087,-0.8899555284337781,-0.32361623906399795
211,-0.07454601502108862,0.3807065040432689,-0.8565921357647954,-0.34022839735909216
212,-0.15044683222267255,0.43956032531450906,-0.8115426935450755,-0.35433166332853927
213,-0.22038834877004188,0.4966072479206307,-0.7553291828597963,-0.3664533293060136
214,-0.28349247206098677,0.5505909519624113,-0.6886724069155331,-0.37710998111299665
215,-0.3390633884264363,0.6002497510311392,-0.6124799890118223,-0.3867874326757744
216,-0.3865972155368038,0.6443473149578474,-0.5278303572055828,-0.39592201840518026
217,-0.4257868326646738,0.6817034838306145,-0.4359530570085606,-0.4048837677006491
218,-0.45652183619530207,0.7112244049820217,-0.33820581987734405,-0.41396193331747
219,-0.4788836890633334,0.7319312351845622,-0.23604889156145725,-0.4233532804914866
220,-0.49313625177594567,0.7429866797797274,-0.13101718870535983,-0.4331534683204249
221,-0.49971199639919095,0.7437186882256205,-0.024690902885042,-0.4433517708923941
222,-0.49919431051302326,0.7336406904422854,0.08133479273673605,-0.4538292951862701
223,-0.4922963930646126,0.7124678387972685,0.18548025860562523,-0.464360758164074
224,-0.4798373259245111,0.6801288146509016,0.2862114460887737,-0.4746197891564801
225,-0.46271597176182844,0.6367728637737231,0.38206882921054686,-0.4841876280777951
226,-0.4418833989678782,0.582771839074593,0.47169457108615775,-0.49256499764604983
227,-0.4183145665595914,0.5187171491343895,0.5538573285350155,-0.4991868409984451
228,-0.3929800155202515,0.44541163407091344,0.6274741557287999,-0.5034395371128615
229,-0.36681830759251927,0.3638565132336358,0.691629037850767,-0.5046801373088132
230,-0.34070992830867136,0.2752336691058256,0.7455876668837884,-0.5022571085940276
231,-0.3154533286790935,0.18088364561327408,0.7888081618072867,-0.495532025242708
232,-0.2917437205701858,0.08227984398712762,0.8209475324494935,-0.4839016199047112
233,-0.2701551659208594,-0.019000507197910077,0.8418637876305346,-0.4668195905581357
234,-0.2511264114949859,-0.12130795150822105,0.8516136915562887,-0.4438175601577715
235,-0.2349508211065337,-0.22295425344993577,0.8504462751529511,-0.41452460193385526
236,-0.22177064872812136,-0.3222469298323627,0.8387923086564067,-0.378684774601751
237,-0.21157578136494437,-0.4175240689362081,0.8172500358594028,-0.33617215751244467
238,-0.20420696295501106,-0.5071886339540275,0.7865675566843148,-0.28700293489824813
239,-0.19936339283132812,-0.5897414578683372,0.7476223211005487,-0.23134414940158532
240,-0.19661447743978921,-0.663812166853177,0.7013982620019178,-0.1695188262685213
241,-0.19541540496289664,-0.7281873177061853,0.6489611459554965,-0.10200725893380569
242,-0.19512611202117394,-0.781835100560103,0.5914327575165857,-0.029444342003165647
243,-0.19503312226222924,-0.8239260395795147,0.5299645542244491,0.04738706352096794
244,-0.19437366067213424,-0.8538492195249401,0.4657114349833607,0.12756664798960188
245,-0.19236138678821402,-0.8712236726299305,0.39980625422077964,0.21005087052444937
246,-0.1882130462031555,-0.8759046755735301,0.3333356883218672,0.2936905981442785
247,-0.18117531394977934,-0.8679848276112703,0.26731802007664074,0.377251800253008
248,-0.17055109621244938,-0.847789905177677,0.20268335232153567,0.4594388522439745
249,-0.15572456852417804,-0.8158696124452216,0.1402566950300068,0.5389199325926836
250,-0.13618425890107544,-0.7729834683756519,0.0807442925321819,0.6143539407125073
251,-0.11154353249378005,-0.7200821857653251,0.02472347130759167,0.6844183195011216
252,-0.08155789910356648,-0.658285003855193,-0.027363803903605946,0.7478371380381607
253,-0.046138644704360854,-0.5888535306586609,-0.07521357473264054,0.8034087770690665
254,-0.0053623809361880714,-0.5131627319538423,-0.11865874208182377,0.8500325631009222
255,0.04052378993507649,-0.43266976893011044,-0.15766423244743494,0.8867337161234021
256,0.09110168545822389,-0.34888143420452417,-0.19231867715797027,0.9126860107343988
257,0.14578610276193893,-0.2633209651928844,-0.2228228926896307,0.927231599992578
258,0.2038334822635487,-0.17749502395309538,-0.2494755309964965,0.9298975144682441
259,0.26435501127644345,-0.09286162340970569,-0.27265633965153374,0.9204084242109996
260,0.3263338884424284,-0.010799751591981682,-0.29280753076683275,0.8986953368888827
261,0.38864636142770304,0.06741860108020113,-0.3104138036750803,0.8648999991128266
262,0.45008605112150435,0.1406533701485477,-0.3259815980723343,0.8193748676704155
263,0.5093909881840216,0.20791773901246208,-0.34001817096935816,0.7626786206335562
264,0.5652727144312133,0.26839538499025073,-0.35301109198277436,0.6955672825634021
265,0.6164467440990204,0.32145328404036205,-0.36540873721643613,0.61898114077512
266,0.6616636399825162,0.36664982106034494,-0.37760233262762366,0.5340277283397186
267,0.6997399378492948,0.4037380708341475,-0.38991005411319263,0.4419612417839781
268,0.7295881499747784,0.43266423562591594,-0.402563634720396,0.3441588450517077
269,0.750245095258667,0.45356134610017956,-0.41569786085158766,0.24209438417179346
270,0.7608978387985582,0.46673844967570566,-0.42934326085328756,0.13731009746508444
271,0.7609065771906136,0.4726656216709881,-0.44342220297189916,0.03138695254383189
272,0.7498238759211584,0.47195523691010477,-0.45774852753486694,-0.07408572731208429
273,0.7274097503124107,0.46534003029339377,-0.4720307427372933,-0.17754066933484342
274,0.6936421795197367,0.453648551954083,-0.4858787170252392,-0.2774624126669771
275,0.6487227516509294,0.4377786841223207,-0.49881370623799526,-0.37241576455312686
276,0.5930772545292787,0.4186699311987997,-0.5102814628342421,-0.4610723235651355
277,0.5273511480912798,0.3972752207294472,-0.5196680900139753,-0.5422344897020139
278,0.4523999779071115,0.3745329603555282,-0.5263182275340426,-0.6148564425639489
279,0.3692749117945457,0.35134008424862784,-0.5295550904620132,-0.6780616423932762
280,0.2792036999421711,0.3285267923608394,-0.5287018287209239,-0.7311564927885484
281,0.18356747043976096,0.30683363782800743,-0.5231036354403658,-0.7736398962583613
282,0.08387387387546297,0.2868915533058403,-0.5121500069016331,-0.8052085322160594
283,-0.018272819818401065,0.269205327557344,-0.49529654693285174,-0.8257577891046624
284,-0.12120399402564092,0.2541409512814376,-0.4720857142756215,-0.8353783855779824
285,-0.22322059062641433,0.24191714833420683,-0.4421659326166169,-0.8343488175190968
286,-0.32262786975450386,0.23260129776650232,-0.40530851917316735,-0.8231238656609737
287,-0.4177702240400165,0.22610983630145942,-0.36142193807904527,-0.8023194902957728
288,-0.5070652444645969,0.22221311294628598,-0.31056294811547325,-0.772694522789314
289,-0.589036251624482,0.22054455036945164,-0.2529442890235012,-0.7351296363396824
290,-0.6623425419157992,0.22061385444983653,-0.1889386348798377,-0.6906041388835219
291,-0.7258066520591187,0.22182390689267847,-0.11907863473492958,-0.6401711778167359
292,-0.7784380161474913,0.22349087871403053,-0.04405295762589595,-0.5849319781584885
293,-0.8194524753025947,0.22486701718725366,0.03530164122482449,-0.5260097522181433
294,-0.8482871989491264,0.22516548769069097,0.11801211621706809,-0.46452391938201093
295,-0.8646106862413296,0.223586596608143,0.20298457458378288,-0.40156525937327486
296,-0.8683276336092358,0.21934468342755997,0.28902305926148464,-0.33817259170101593
297,-0.8595785768529538,0.21169495043773745,0.37485127753149194,-0.2753115288316622
298,-0.8387343406962876,0.1999594974568451,0.45913680456763145,-0.2138557920772623
299,-0.8063854521628869,0.18355184688633325,0.540517225170329,-0.15457150881984197
300,-0.7633267935329632,0.16199928064154298,0.6176276239094235,-0.09810482929145203
301,-0.7105378830537281,0.13496236427356695,0.6891287950039605,-0.04497311276314833
302,-0.6491592742632732,0.10225110353224909,0.7537355195517645,0.004440161083805905
303,-0.5804656552411868,0.06383726298536421,0.8102442498277911,0.04988669723439537
304,-0.5058363051188858,0.0198624729965568,0.8575595485487143,0.09125094675160059
305,-0.42672362492838467,-0.029358142045164404,0.8947186551063404,0.12854406103876914
306,-0.34462050190355087,-0.08333696753053033,0.9209135902639143,0.16189446802712715
307,-0.26102728967738753,-0.14141956956117646,0.9355102647654765,0.19153538552245275
308,-0.1774191909108928,-0.20279494850142876,0.9380641244491261,0.21778966453971307
309,-0.09521481369024558,-0.2665101726561193,0.9283319431719314,0.241052422537847
310,-0.015746638963084605,-0.3314890761742607,0.906279463251806,0.2617719813626347
311,0.05976591575647555,-0.39655459932066917,0.8720846790723886,0.28042966604591235
312,0.1302402198643926,-0.4604542534304841,0.8261366606552146,0.2975190473715926
313,0.19475040734701393,-0.5218881095989482,0.7690299179221658,0.3135252226504839
314,0.2525431720363751,-0.5795386415836951,0.7015544105227247,0.32890472517925473
315,0.303049050509428,-0.632101701268859,0.6246814099497885,0.3440666335195709
316,0.34588897706490646,-0.6783178707113225,0.5395455177333324,0.35935541753606554
317,0.3808760143747142,-0.7170034191686082,0.4474232334190186,0.3750360099662807
318,0.40801228438603254,-0.7470800970397663,0.34970854661780637,0.3912815314062318
319,0.42748124382248276,-0.7676030213021887,0.24788609669181488,0.4081640245472779
320,0.43963556421028144,-0.7777859482896051,0.1435024999363922,0.4256484721419143
321,0.44498098486053916,-0.7770232885561614,0.03813648606282227,0.44359028459231703
322,0.4441566059754941,-0.764908293694085,-0.06663148763250085,0.4617363495136728
323,0.43791217556698403,-0.7412469344989205,-0.16924946544390096,0.4797296395190685
324,0.42708299604192157,-0.7060670916253201,-0.2682233924675204,0.49711727826423363
325,0.41256313234701486,-0.6596227913610546,-0.36214503228139056,0.5133618709438619
326,0.3952776421048081,-0.6023933376344407,-0.44971778880481666,0.5278558163534909
327,0.37615456828783855,-0.5350773139496727,-0.529779869925429,0.539938235610695
328,0.35609743620332684,-0.45858155260120703,-0.6013242956700577,0.5489140797795126
329,0.33595897890755844,-0.3740052902047407,-0.6635153305784206,0.5540749168457869
330,0.3165167791222138,-0.28261984529807876,-0.7157010066142797,0.5547208493549649
331,0.29845146223040303,-0.1858442626287975,-0.7574214972776514,0.5501829788371972
332,0.2823280053723821,-0.08521746706621186,-0.78841320323947,0.5398458128456223
333,0.26858064382652236,0.017632444578664586,-0.8086085123546333,0.5231690055876191
334,0.257501759894452,0.12102107528353206,-0.8181312998022696,0.4997078339113027
335,0.24923503385863738,0.2232420111269579,-0.8172883348312061,0.46913183660279295
336,0.24377302393628172,0.3226017289442212,-0.8065568566900132,0.4312410859478553
337,0.2409592253801738,0.41745432485891426,-0.7865686714507754,0.38597961533342645
338,0.24049454094275333,0.5062352634402534,-0.7580912014268701,0.3334455939811991
339,0.24194797881976482,0.5874933698348328,-0.7220059878026592,0.2738979180684791
340,0.24477128287337585,0.6599203286516112,-0.6792852032797676,0.20775897457880163
341,0.24831709622916437,0.7223770126292623,-0.6309667736644561,0.1356134280836736
342,0.2518601658826348,0.7739160397334053,-0.5781287343879663,0.058202978960745166
343,0.25462101511667173,0.8138000474615078,-0.5218634593593533,-0.02358285814088884
344,0.25579144438108464,0.8415152755629944,-0.46325239508042043,-0.10871980697109401
345,0.2545611715092999,0.856780160594585,-0.4033419127837646,-0.19606546805407638
346,0.2501448900234252,0.8595487649699654,-0.34312085605716464,-0.28437920594230154
347,0.2418090106408119,0.850008986500208,-0.28350031193534914,-0.3723448648422064
348,0.22889735631129116,0.8285756188289327,-0.2252960710715535,-0.45859581824922685
349,0.2108551050778852,0.7958784555922036,-0.16921416896143301,-0.5417417960702796
350,0.18725031718615257,0.7527457485768452,-0.11583981717575093,-0.620396883833127
351,0.15779244213121674,0.7001834397374065,-0.06562994328974367,-0.6932080542431279
352,0.1223472762578525,0.639350685983485,-0.01890946297779572,-0.7588835724500986
353,0.08094793025260372,0.5715322817511189,0.024128690007146097,-0.81622061345124
354,0.03380146617293561,0.4981086554326458,0.06341984805132314,-0.864131443208029
355,-0.01870902696094251,0.4205241700421765,0.09902037555449497,-0.9016675440236047
356,-0.0760270342712085,0.34025449473888564,0.13109717446586763,-0.9280411088507783
357,-0.13742988893807073,0.2587738311662209,0.1599142709172367,-0.942643387441419
358,-0.2020405954553916,0.17752277661165589,0.18581689860552297,-0.9450594382179061
359,-0.26884396174265285,0.09787758484551913,0.20921355771569147,-0.9350789217425789
360,-0.3367066881372826,0.021121545732642875,0.23055657865604393,-0.9127026627045122
361,-0.4044009581347684,-0.05158085263799865,0.25032175644098925,-0.8781448052303898
362,-0.4706309835362107,-0.1192063890237586,0.2689876432976208,-0.8318304886843493
363,-0.5340618777449921,-0.18089169872623703,0.28701509346067894,-0.7743890754634827
364,-0.5933501673412719,-0.2359475850812838,0.3048276450164165,-0.7066430660836759
365,-0.6471752053895686,-0.28386875915586557,0.32279329931033507,-0.6295929375593656
366,-0.694270721415621,-0.3243388300831178,0.3412082194849109,-0.5443982362584296
367,-0.7334557333890145,-0.3572304883386918,0.3602828171681111,-0.45235534374371433
368,-0.7636640566600856,-0.3826009449867036,0.380130631543582,-0.35487241147068704
369,-0.7839716734402596,-0.40068280848395105,0.40076032966014685,-0.25344202571669666
370,-0.7936212734247454,-0.41187069406795696,0.4220710728121262,-0.1496122161819728
371,-0.792043340419115,-0.4167039662413474,0.44385140329229184,-0.0449564590679401
372,-0.7788732397990835,-0.41584610978022096,0.4657817111017911,0.058956652793552944
373,-0.7539638553658478,-0.41006130668333995,0.4874402437188734,0.16059339452886898
374,-0.7173934293721735,-0.40018886351585076,0.5083125262497827,0.25848388086896995
375,-0.6694683736146435,-0.3871161840376791,0.52780396666502,0.351249383712683
376,-0.6107209397166475,-0.3717510146118629,0.54525533373767,0.4376273962599774
377,-0.5419017601123186,-0.35499370388196966,0.5599607159876108,0.5164939003918372
378,-0.46396739474896176,-0.3377102132769757,0.5711875004403395,0.5868823628283574
379,-0.3780631391128473,-0.32070659120998696,0.5781978521328404,0.6479990655761615
380,-0.28550146387840236,-0.30470558201840614,0.580271130549779,0.6992344652980091
381,-0.18773656245365555,-0.29032598183700786,0.5767266487319317,0.7401703723001201
382,-0.08633557732888791,-0.2780652792188305,0.5669461654865389,0.7705828404658106
383,0.017052842908458543,-0.2682860303286764,0.5503955013866214,0.7904407621906833
384,0.12073193875308325,-0.26120631917719306,0.5266446851242851,0.7999002646687662
385,0.22299142203694994,-0.2568945451731395,0.49538606793638595,0.7992951032333145
386,0.3221424506490966,-0.25526866600045106,0.4564498895226692,0.7891233414383921
387,0.4165521908387647,-0.2560999063809725,0.4098168380290307,0.7700306938862713
388,0.5046771714316128,-0.25902082564747475,0.3556272178362724,0.7427909843628403
389,0.5850946627619688,-0.2635375222136813,0.29418642033569326,0.7082842367884518
390,0.6565313601631414,-0.2690456439059048,0.2259664825838962,0.6674729682663217
391,0.717888716309705,-0.27484977248849585,0.15160361449452553,0.6213772908872846
392,0.768264346986639,-0.28018566113195054,0.07189167467244995,0.5710494510618433
393,0.8069690289978634,-0.284244727320573,-0.012228324345235353,0.5175484415128768
394,0.8335389146056871,-0.2862001427217137,-0.0996825013132378,0.4619153115842555
395,0.8477427015157128,-0.28523381740365505,-0.18928190625177782,0.40514977650477235
396,0.8495836181702787,-0.28056354963189306,-0.2797434700373137,0.34818868638445283
397,0.8392962080213409,-0.2714696049807656,-0.369713657474401,0.2918868620707224
398,0.8173380204776675,-0.2573199998846778,-0.45779430716745717,0.2370007389567852
399,0.784376437318139,-0.2375937947622569,-0.5425700832080547,0.18417518312242506
400,0.741270978564882,-0.2119017497488872,-0.6226369191211101,0.13393375876979116
401,0.6890515382976838,-0.18000376068920468,-0.6966308048216445,0.08667263397917518
402,0.6288930960636139,-0.1418225727698021,-0.763256253305572,0.042658215696576546
403,0.5620875310747717,-0.09745336203003774,-0.8213137858325394,0.0020285070200292687
404,0.4900132323158629,-0.04716887866042402,-0.8697257924563189,-0.035201917242000086
405,0.41410324641171337,0.00858004210891733,-0.9075601585243253,-0.06913351465095638
406,0.3358127354736986,0.06916867841212548,-0.9340510964188661,-0.09997024506873804
407,0.2565865284488238,0.13380728653154678,-0.9486166841977041,-0.12800527313902618
408,0.17782754150554195,0.20155446988313425,-0.9508726874190341,-0.15360434067021728
409,0.10086681595590116,0.271334774285867,-0.9406423255100613,-0.1771873053048146
410,0.026935876855025347,0.3419601223034372,-0.9179617375048423,-0.19920838779870775
411,-0.04285794708898614,0.41215459935633514,-0.8830810015717132,-0.22013570192914528
412,-0.10755267971780216,0.4805820159498849,-0.8364606660575723,-0.2404306577156513
413,-0.16634885878460248,0.5458755959957121,-0.7787638542847899,-0.26052782987021117
414,-0.2186223343912712,0.6066690827182449,-0.7108441085061304,-0.28081586917629864
415,-0.2639324479426605,0.6616285125422393,-0.6337292377438215,-0.30162000520981863
416,-0.3020254524329899,0.7094838847261442,-0.5486015272949047,-0.3231866452164152
417,-0.3328331551563052,0.7490599509568923,-0.4567747522131451,-0.3456705171717346
418,-0.35646688409865906,0.7793053647964288,-0.3596685110249332,-0.36912473652900524
419,-0.3732069963190338,0.7993194654330951,-0.2587804575089327,-0.3934940976555387
420,-0.3834882576361458,0.8083760228359145,-0.15565705607709251,-0.41861180448309687
421,-0.38788152514211627,0.8059433408792015,-0.05186351898996966,-0.44419976265625616
422,-0.3870722549194676,0.7917001996218871,0.05104639945732922,-0.4698724598150729
423,-0.3818364345908215,0.7655472156348574,0.15156007592167423,-0.4951443640387158
424,-0.3730146020716993,0.7276133076864678,0.24823449776905826,-0.5194406753770746
425,-0.36148465660750184,0.6782570715691768,0.3397229204271176,-0.5421111742440157
426,-0.3481341947679478,0.618062989523024,0.4247991193638292,-0.5624468255780681
427,-0.3338331119133919,0.5478325235966541,0.5023787137500941,-0.5796987212774816
428,-0.31940719857733324,0.4685702653375281,0.5715371112141362,-0.593098877459317
429,-0.305613431543091,0.3814654333905716,0.631523705971053,-0.6018823492886138
430,-0.29311761191240304,0.2878691229731149,0.6817720539563773,-0.6053100858812457
431,-0.2824749383996397,0.18926781401155202,0.7219058461490608,-0.6026919221718691
432,-0.27411402508342947,0.08725373543630971,0.7517406026276636,-0.5934090943573191
433,-0.26832478092887385,-0.016507240504592846,0.7712811125665961,-0.5769356708927197
434,-0.26525046590349904,-0.12030943992201387,0.7807147468218096,-0.5528583119557613
435,-0.26488412805847444,-0.22244218854955158,0.7804008674887265,-0.5208938063356403
436,-0.2670695103435705,-0.321224772551365,0.7708566504473816,-0.4809038849970151
437,-0.27150639810808497,-0.4150407545455737,0.7527397202058935,-0.43290687390819027
438,-0.2777602612046429,-0.5023708556973704,0.7268280692898552,-0.3770858235651485
439,-0.28527593133208196,-0.5818236490131694,0.6939977952406224,-0.31379283715975353
440,-0.2933949486071421,-0.6521633614988424,0.6551992355247481,-0.2435494114510045
441,-0.30137611405409576,-0.7123341523381652,0.6114321132026181,-0.16704270183069386
442,-0.308418699225114,-0.7614803189923062,0.5637203233130361,-0.08511772341596752
443,-0.31368769269106933,-0.7989619810317994,0.5130869912387375,0.001234399239330497
444,-0.31634040750189873,-0.8243659001786481,0.46053041986261295,0.09089192255280926
445,-0.3155537353365846,-0.8375112117844897,0.40700151253158523,0.1826214090609229
446,-0.3105513129422117,-0.838449964929373,0.3533832145259868,0.2750996947128167
447,-0.3006298651356035,-0.8274624924964121,0.30047245805711587,0.366938427599633
448,-0.28518400617398976,-0.8050477559104661,0.24896502628761513,0.45671064035302794
449,-0.26372881728185266,-0.7719089286969041,0.19944367228436946,0.5429787641509033
450,-0.235919571674026,-0.7289345956920452,0.15236974121594166,0.624323452119338
451,-0.20156804822141017,-0.6771760478630324,0.1080784507376723,0.6993725549540507
452,-0.16065495923607676,-0.6178212437539249,0.06677788774742123,0.7668295824674424
453,-0.11333811461048737,-0.5521660853517723,0.02855168200637978,0.8255009917731528
454,-0.0599560513196597,-0.48158371680224704,-0.00663477901810583,0.8743216658235485
455,-0.0010269714180778378,-0.4074925974420907,-0.03892482188086474,0.9123779845004751
456,0.06275704971956148,-0.33132412503699366,-0.06855795908194967,0.9389279435214857
457,0.130540503025658,-0.25449059036441407,-0.09585475215045212,0.9534178428034358
458,0.20131933270173352,-0.1783542302804887,-0.12119952375891692,0.9554951440285783
459,0.27395995581269406,-0.10419811356070785,-0.1450214315179219,0.9450171851040472
460,0.34722199299401735,-0.03319954297009841,-0.1677744573808266,0.9220555348667487
461,0.4197841919847688,0.033593410485295475,-0.18991689333587225,0.8868958724434994
462,0.4902729414304924,0.09528170762352577,-0.21189091561283147,0.8400333796785653
463,0.5572927027731458,0.15113103726774943,-0.2341028357049173,0.7821637394593903
464,0.6194576348398446,0.2005830760836841,-0.2569045972163905,0.7141699350690351
465,0.6754236503332262,0.2432620931297067,-0.280577053395182,0.6371051433827636
466,0.7239201267456812,0.27897679860873814,-0.305315512075613,0.5521721054313984
467,0.7637804967358343,0.30771745668737793,-0.3312179738730061,0.4606994393737257
468,0.7939709647092623,0.32964840155048314,-0.35827641739533905,0.36411543127449164
469,0.8136166367494017,0.3450962111017972,-0.3863714038078931,0.2639198965733701
470,0.8220244091977231,0.3545339010249622,-0.41527018438373303,0.16165474836534363
471,0.8187020356892675,0.3585616005827005,-0.4446284009594856,0.058873936559631135
472,0.8033728815081203,0.3578842580999371,-0.47399537288554333,-0.04288656601653443
473,0.7759859755714553,0.353286996400296,-0.502822867573347,-0.14213805871823054
474,0.7367210817037294,0.34560879475703565,-0.5304771575685225,-0.2374670378345154
475,0.6859886293993571,0.3357152127947607,-0.5562540776290471,-0.3275611352923395
476,0.6244244670869054,0.32447089229335047,-0.5793967128596634,-0.411232506114257
477,0.552879524984061,0.3127125745183415,-0.5991152756688239,-0.48743816331077494
478,0.47240459692120473,0.3012233535245228,-0.6146086670688685,-0.5552968345515694
479,0.3842305680025477,0.29070885031812654,-0.6250871682514072,-0.6141020005231951
480,0.28974452477573265,0.2817759397462293,-0.6297956727434698,-0.6633308682220461
481,0.19046228398689946,0.27491459287672254,-0.6280368487374821,-0.7026491312382115
482,0.08799796255964482,0.2704833142095515,-0.61919361597133,-0.7319114709170229
483,-0.01596871698266622,0.26869855745067084,-0.6027503320032698,-0.7511578546296385
484,-0.11972663659623162,0.26962839822093454,-0.5783121086784546,-0.7606057877232081
485,-0.22156822250625074,0.27319062964411606,-0.5456217204260633,-0.7606387715922548
486,-0.3198243111838168,0.2791553301204134,-0.5045736207912218,-0.7517913093690234
487,-0.412898139700805,0.2871518347084865,-0.4552246509742388,-0.7347308807995935
488,-0.4992976797683266,0.29667992540556454,-0.3978011024829955,-0.710237377010409
489,-0.5776655747613639,0.307124944183609,-0.3327018833859067,-0.6791805424092301
490,-0.6468059969254598,0.31777642874276885,-0.26049763193359954,-0.6424960135547446
491,-0.7057078163231332,0.3278497772261642,-0.18192572017287834,-0.6011605724702702
492,-0.7535635620751522,0.33651036699082226,-0.09788119115947469,-0.5561672439451205
493,-0.7897837578918898,0.34289948602135195,-0.009403773982233965,-0.508500862625963
494,-0.8140063252730514,0.3461613854105871,0.08233878146189222,-0.459114716311135
495,-0.8261008663377252,0.34547072881032315,0.1760707155904473,-0.40890883737427874
496,-0.8261677611121669,0.3400597007249826,0.27043119701858964,-0.3587104655858758
497,-0.8145321382282537,0.3292440403692508,0.36399969303082863,-0.3092571440534607
498,-0.7917329003214211,0.3124472914474573,0.4553232150766398,-0.26118283716211355
499,-0.7585071029601608,0.2892226000767686,0.5429448315772682,-0.21500737714632961
