,0,1,2,3
0,-0.9459787770915692,0.0,-0.32422855101353965,0.0
1,-0.9616586651270229,0.08406163321770602,-0.24484518299934732,0.09053778199680278
2,-0.9577212313110023,0.16725758490854686,-0.15622387556806674,0.17432453668141856
3,-0.934360659694031,0.24709930522057122,-0.06016811820322876,0.2495834299939169
4,-0.8922163920233875,0.32117472877373365,0.04130215895059042,0.3147869677542383
5,-0.8323566822183636,0.3872121201604196,0.14599766523590996,0.36869202501949266
6,-0.7562518044350782,0.4431404502768408,0.2516113543554666,0.41036748893709313
7,-0.6657375842004429,0.4871447651339794,0.35577329326797846,0.439213855180794
8,-0.5629701603639466,0.5177151336965415,0.45610745013271936,0.45497432104987373
9,-0.4503731012622063,0.5336879217338659,0.5502890053943061,0.4577371324209946
10,-0.33057818616352475,0.5342783306342438,0.6361007737982581,0.44792916161015583
11,-0.20636131810403796,0.5191033588410414,0.7114873438960652,0.4263009133300508
12,-0.0805751528025996,0.4881945835535408,0.7746055949974722,0.3939033708137505
13,0.043919892483891526,0.4420004156026488,0.8238703382566968,0.352057298450245
14,0.16432454848004585,0.38137774458332097,0.8579939465070815,0.3023158058398069
15,0.2779678245510428,0.3075731577991272,0.8760189836765205,0.2464211463210692
16,0.3823707098552336,0.2221941786879299,0.8773430155098055,0.18625686655305385
17,0.47530488189241826,0.12717122159594615,0.8617349746642625,0.12379653907687427
18,0.5548449856557278,0.02471119376585465,0.8293426602919967,0.06105039406224569
19,0.6194132084927825,-0.0827561136542429,0.7806911698435492,1.121756965838383e-05
20,0.6678150692204088,-0.19263752117397034,0.7166722836271222,-0.05739909963382811
21,0.6992655601811119,-0.3022403690076847,0.6385250451076969,-0.1093809967814716
22,0.7134050222794691,-0.40883925051294717,0.5478079965116208,-0.15430534787999275
23,0.7103043895671001,-0.5097439104451924,0.4463637346395193,-0.19075700858530492
24,0.690459705253965,-0.602366615350737,0.33627664078710495,-0.21757269358181267
25,0.6547760784933749,-0.6842873135253855,0.2198248066385494,-0.23387221717718631
26,0.6045415142486017,-0.7533149540534998,0.09942732076145772,-0.23908229845720316
27,0.5413913004458194,-0.8075434272401821,-0.022411805646717686,-0.23295232106682137
28,0.46726387117500373,-0.8454007199691147,-0.14316171266263253,-0.21556164175881098
29,0.3843492760760843,-0.8656900459137792,-0.2603233552614347,-0.18731825616051895
30,0.2950315689811004,-0.8676219079752061,-0.37148733272518875,-0.14894884937701808
31,0.20182657882514107,-0.850836273914737,-0.47438948106096324,-0.10148047757739151
32,0.10731663906496304,-0.8154142903415884,-0.5669628814537958,-0.04621433911821092
33,0.014083925547658818,-0.7618792189333707,-0.647385026825263,0.015307705285218715
34,-0.07535591486660927,-0.6911865455801034,-0.7141190086420178,0.08134301936737841
35,-0.15861817239052123,-0.6047034814121279,-0.7659477342319441,0.14999347779318478
36,-0.2335098981963844,-0.5041783377245357,-0.8020003573336241,0.21925500689922067
37,-0.2980856153772271,-0.39170050809843715,-0.8217702971382876,0.28707012488563943
38,-0.35069651866529805,-0.26965202428658713,-0.8251244288953137,0.35138214871329054
39,-0.3900319299513712,-0.14065186186888706,-0.8123032470773729,0.4101896904589156
40,-0.41515197280930993,-0.007494352075043231,-0.7839120247243121,0.46160005594902376
41,-0.425510651273504,0.12691679697775102,-0.7409032143760288,0.5038801834017437
42,-0.4209687604778642,0.2596372567360478,-0.6845505514568133,0.5355038189560213
43,-0.40179631337301924,0.3877519297441144,-0.6164155247399418,0.5551937179031733
44,-0.36866443216724043,0.5084441856248135,-0.5383070655477393,0.561957782880981
45,-0.32262691876582,0.619062785227726,-0.4522354729939642,0.5551182002057659
46,-0.2650919786633539,0.7171848530574783,-0.36036173275139005,0.5343328091757863
47,-0.19778482096065333,0.8006733551290562,-0.26494349806347167,0.4996081322575065
48,-0.12270208721928977,0.8677276746653662,-0.16827908127272034,0.4513037017551209
49,-0.04205926797326076,0.9169260481973412,-0.07265085005844057,0.3901275356861477
50,0.04176755727159516,0.9472588254228572,0.01973056625019707,0.31712283672659053
51,0.12630417723700707,0.9581517426391749,0.10677987873939014,0.2336462077295435
52,0.20904331759781755,0.9494786460579802,0.18658722599484495,0.14133788997700208
53,0.2875106689924474,0.9215633617175055,0.257463513917549,0.04208473068315344
54,0.3593301969720031,0.8751706765521895,0.31797989764007756,-0.06202323068053345
55,0.42228707353672346,0.8114866638119735,0.36700044409001376,-0.16874150650280356
56,0.47438662858745784,0.7320888487669021,0.40370718669876965,-0.27572404961544794
57,0.5139078185253025,0.6389069609620159,0.427616976141447,-0.38057899443938337
58,0.539449845900722,0.5341752509863962,0.4385897379951091,-0.4809258848478519
59,0.5499707350368486,0.42037755703728014,0.4368279646355063,-0.5744529828060765
60,0.5448168696631229,0.3001864843517563,0.4228674891397424,-0.6589732466281598
61,0.5237427247751371,0.17639820443772897,0.39755980791068846,-0.7324775975074436
62,0.4869202705369706,0.05186448740029499,0.36204643071447484,-0.7931841571122157
63,0.434937784929334,-0.07057635309739782,0.317725936528127,-0.8395822359254401
64,0.3687880775524138,-0.18816789820658508,0.26621459604218933,-0.8704699792605168
65,0.28984639287652353,-0.2983017594105467,0.20930158229833198,-0.8849847323634766
66,0.19983852064957403,-0.39857978471441124,0.14889992575668032,-0.882625363895271
67,0.10079988763092709,-0.4868708091104731,0.08699447572115676,-0.8632659839723257
68,-0.004973367839918114,-0.5613605608463943,0.025588203873504967,-0.8271607039512205
69,-0.11498013440470961,-0.6205935073390509,-0.033351774155879754,-0.7749393050436567
70,-0.22657550270198634,-0.6635056269721017,-0.08794707771134529,-0.7075939061875358
71,-0.3370358617351636,-0.6894473204309348,-0.13645848828152557,-0.6264569428388204
72,-0.4436263007581468,-0.6981959219832744,-0.1773326359050493,-0.5331709819978336
73,-0.543668640340283,-0.6899575310462422,-0.20924375146231403,-0.4296510995413604
74,-0.6346083975346875,-0.6653581510036786,-0.2311294171783977,-0.31804072881660345
75,-0.7140790135957771,-0.6254243888994249,-0.24221940019559507,-0.20066204992661033
76,-0.7799617379132372,-0.5715542296826932,-0.24205682963650824,-0.07996212321786397
77,-0.8304396671510705,-0.5054786456380507,-0.23051117176513353,0.041543925156471706
78,-0.8640445814014,-0.42921502934097217,-0.20778266579257207,0.16133128566660673
79,-0.879695395947528,-0.34501364126920264,-0.1743980993505584,0.27692399793047995
80,-0.876727253595496,-0.25529843602285096,-0.13119802224028554,0.385952212491937
81,-0.8549105133555884,-0.16260376966430157,-0.079315714248401,0.4862067931634763
82,-0.8144591408011468,-0.06950859154166081,-0.020148432157989116,0.5756899376825395
83,-0.7560282674998023,0.021430215392304927,0.044678342683002636,0.6526605934975598
84,-0.6807009549854988,0.10774366280412291,0.11335275666638109,0.7156735747276921
85,-0.5899644661514623,0.18711399398615425,0.1839234808284923,0.7636114425105883
86,-0.48567660704099413,0.2574339346376882,0.25435046779721987,0.7957083901791171
87,-0.37002294832246774,0.3168603670777448,0.3225582846110568,0.8115655725318066
88,-0.24546596212587563,0.3638610794904961,0.3864906698143911,0.8111575299632323
89,-0.11468731075417773,0.3972534174615354,0.444164929703415,0.7948295781415458
90,0.019475305938050774,0.4162338700273324,0.4937247898256606,0.7632862567951136
91,0.1540952022259631,0.4203978515933756,0.5334903538170861,0.7175711514621625
92,0.2862260176782499,0.40974918863738513,0.5620038915185576,0.659038614295894
93,0.4129715915241834,0.3846990799021903,0.5780702803266817,0.5893181089355911
94,0.5315546892628211,0.3460545642928073,0.5807910553754518,0.5102720851180184
95,0.6393828982632541,0.29499679527626754,0.5695911821470969,0.4239484466364822
96,0.7341100785235122,0.23304967761694498,0.5442378455447899,0.33252880754846664
97,0.8136918641622874,0.16203966532949593,0.5048507478357706,0.23827383294367374
98,0.8764338578963309,0.08404774271127055,0.45190361925023226,0.1434670296152921
99,0.92103134106393,0.0013548076428448012,0.38621686413090894,0.050358386939178074
100,0.9465995312116449,-0.0836181569227751,0.308941486906537,-0.038890731681351695
101,0.952693652662458,-0.16837360540195362,0.22153466028590393,-0.1222600812719345
102,0.9393183370286012,-0.25040303419367216,0.12572750749232026,-0.19791911491363198
103,0.9069261340701151,-0.32725300326248935,0.02348586584989404,-0.26427045484048667
104,0.8564051820844918,-0.3965898978305125,-0.08303502429409115,-0.31998719002186693
105,0.7890563544646358,-0.45626178374370807,-0.19154080789237948,-0.3640430923474907
106,0.7065604585375461,-0.5043557818388066,-0.2996520569965506,-0.3957350230832681
107,0.6109363078496505,-0.5392494979496605,-0.40496074616268474,-0.41469699875865845
108,0.5044907136118131,-0.5596551932838827,-0.5050877781677499,-0.4209055961321852
109,0.38976163948475967,-0.5646555610802813,-0.5977401475903195,-0.41467659408986357
110,0.26945593135116774,-0.5537301852052188,-0.6807663356889926,-0.3966529708004848
111,0.14638316603426835,-0.5267719894272811,-0.7522085708027602,-0.3677845916667501
112,0.023387256810894007,-0.4840932367054859,-0.8103506632112382,-0.32930013214083853
113,-0.09672249328649632,-0.42642089967875174,-0.8537602301964021,-0.282671974105308
114,-0.21123918828017457,-0.3548814901121972,-0.8813242633087484,-0.22957499039262405
115,-0.3176233152628674,-0.27097569967822743,-0.8922771521935361,-0.171840284737635
116,-0.41356330139976016,-0.17654346051247705,-0.8862204637604493,-0.11140508021551096
117,-0.4970301660479203,-0.07372027508356568,-0.8631339774153873,-0.050260044877343674
118,-0.5663249313170123,0.035114114980623556,-0.8233776915129046,0.009604593525530697
119,-0.6201176366918278,0.14739345786858538,-0.7676847378154595,0.06625276270838872
120,-0.6574770141775631,0.26042769287787604,-0.6971453640654919,0.11785471552913927
121,-0.6778901145411879,0.37146907172161014,-0.6131823642488267,0.16273631904353858
122,-0.6812714267583677,0.4777800593397147,-0.5175185463086213,0.19942420165708796
123,-0.6679612954537815,0.5767013263378882,-0.4121370227435115,0.2266856026745905
124,-0.6387137083867583,0.6657181398543789,-0.29923528583737496,0.24356190321452792
125,-0.5946737912157212,0.7425234965367479,-0.1811741818476478,0.24939497782393003
126,-0.5373456032595889,0.8050764195042975,-0.06042302354060014,0.2438456881758257
127,-0.46855106936788754,0.8516539587540968,0.06049782509471266,0.2269040393899941
128,-0.3903811032976483,0.8808955885332197,0.1790754966358167,0.19889073079321254
129,-0.30514017168774044,0.8918388819310514,0.29286287819200796,0.16045005102972393
130,-0.2152857099984039,0.8839455577116092,0.39953516534798506,0.1125342868762759
131,-0.12336392861028403,0.8571172318751357,0.49694334094749826,0.05638003040509218
132,-0.03194363550363036,0.8117004607116164,0.5831632844877426,-0.006523025128803012
133,0.0564502506196546,0.7484809268669369,0.6565393267345434,-0.0744700192852138
134,0.13940181741625352,0.6686668886025673,0.7157212022246876,-0.14558463543127392
135,0.21466626340439515,0.5738622783101593,0.7596935161563524,-0.21786748816348891
136,0.2802274248189767,0.46603009282946545,0.7877970277026957,-0.28924796645695344
137,0.3343492766309295,0.3474469588290365,0.799741254400379,-0.35763822226789116
138,0.37562011266006556,0.2206499754538409,0.7956081169241682,-0.4209879375728463
139,0.40298829521897606,0.0883771281721017,0.7758465649228864,-0.4773384803574021
140,0.4157886779730327,-0.04649727250894664,0.7412583471587579,-0.5248750724564211
141,0.41375904134371927,-0.1810305500200488,0.6929753074316453,-0.5619756391123915
142,0.3970461319160026,-0.3122813562456984,0.6324287962621005,-0.5872550905103843
143,0.36620115962067823,-0.4373793958745801,0.5613119818780102,-0.5996038973831295
144,0.32216487238113733,-0.5535934735841875,0.48153601789831846,-0.5982199632871404
145,0.2662425907826762,-0.6583961980540072,0.39518117492646654,-0.5826329618422694
146,0.200069838560112,-0.7495237590722771,0.3044441653495752,-0.5527204939834383
147,0.12556944196537814,-0.8250293155061983,0.2115829819727744,-0.5087156234473085
148,0.04490118643009485,-0.8833286896258515,0.11886062945573682,-0.4512055632485389
149,-0.03959469301482281,-0.9232372532892298,0.02848915143733094,-0.3811215064443369
150,-0.12545875507028412,-0.9439971090870294,-0.05742465482942361,-0.29971981554322963
151,-0.2101767766567825,-0.9452939093028407,-0.13693049024831028,-0.20855500096970947
152,-0.291245724803833,-0.9272629115080335,-0.20828150521298935,-0.10944512465773493
153,-0.3662396020065835,-0.8904841354189481,-0.2699757943926289,-0.004430454976228626
154,-0.43287349293282984,-0.835966754691145,-0.32079141829688684,0.10427363096372044
155,-0.4890641841448924,-0.7651231229258035,-0.3598140995784492,0.21432835625625196
156,-0.5329858131634351,-0.6797330887184032,-0.3864569277244146,0.32332660589821205
157,-0.563119126639558,-0.5818994937422686,-0.40047160788495206,0.4288499967042476
158,-0.5782930865440354,-0.47399596469141136,-0.401951003024448,0.528526558158879
159,-0.5777177541612684,-0.3586082990277437,-0.3913229380114711,0.6200876087952085
160,-0.5610075995299435,-0.23847090119753847,-0.36933545419687563,0.7014224296562439
161,-0.5281946233665524,-0.11639984641923273,-0.3370339179616936,0.7706293880612365
162,-0.479730933466172,0.004775769677820285,-0.29573059127294615,0.8260622500060257
163,-0.41648068173123276,0.12228249736519853,-0.2469674613524379,0.8663705359809686
164,-0.3397015347353398,0.23346951918959996,-0.1924732954165518,0.890532919918923
165,-0.25101611342052005,0.3358723049796637,-0.13411603086623056,0.8978828408069682
166,-0.1523740895869873,0.4272713695303596,-0.07385172769105386,0.8881256870056368
167,-0.0460058619615028,0.5057446913490992,-0.013671395296019767,0.8613471198001672
168,0.06563105305844585,0.5697125109305449,0.04445294166352759,0.8180123200423768
169,0.17991159670707138,0.6179734188439946,0.09862155584540666,0.7589561645412782
170,0.29410723848770054,0.6497308626691597,0.14705834239038446,0.6853645616004092
171,0.40545295654509494,0.6646094420340232,0.188158842086341,0.5987473922555281
172,0.5112154667195364,0.662660616690557,0.22053373218341635,0.5009037099515943
173,0.6087610051191548,0.6443577173252119,0.2430466697554173,0.39388004149811806
174,0.6956209771552302,0.6105804160317594,0.2548455158179332,0.27992280144279125
175,0.7695538361373837,0.5625890764062517,0.25538613620989115,0.16142597630610317
176,0.8286016454970246,0.5019896554961307,0.24444816331391553,0.04087535084807101
177,0.8711399082564409,0.43069006505774077,0.2221423063159294,-0.07920936717434426
178,0.8959194122838126,0.3508491118859379,0.18890901178040725,-0.19633311653928728
179,0.9020990360834857,0.26481932108766537,0.14550849547657718,-0.3080833231774436
180,0.8892686824994114,0.17508509749487614,0.09300238513704313,-0.41218560785135605
181,0.8574617512293461,0.08419779518860353,0.032727426677361005,-0.5065560107304588
182,0.8071568194094445,-0.005290659514666132,-0.03373809198704092,-0.5893484698816154
183,0.7392684663114993,-0.09089391214526271,-0.10461436008170155,-0.6589964090320001
184,0.6551274467664181,-0.17025541973913044,-0.17796550227109437,-0.7142474364981397
185,0.556450681608113,-0.24120916443582724,-0.2517493330418476,-0.7541903282613881
186,0.44530178566352707,-0.3018353098457232,-0.32387015341675174,-0.778273659544647
187,0.32404308832159523,-0.35050939781903256,-0.3922332569433475,-0.7863156561452618
188,0.19528031266100962,-0.38594384715103774,-0.45479976598723165,-0.7785050540563203
189,0.06180126125427454,-0.4072207106464547,-0.509640408008553,-0.7553929781596153
190,-0.07348999444128387,-0.4138148679561134,-0.5549868650212935,-0.7178760724730423
191,-0.20764181244968538,-0.40560707315292366,-0.5892793872671795,-0.6671713300741792
192,-0.33772488583097426,-0.3828865320814371,-0.6112094528613856,-0.6047832750448616
193,-0.4609016445673625,-0.3463429486830153,-0.6197563765440776,-0.5324643365199349
194,-0.5744934550166125,-0.29704824515198147,-0.6142169196923386,-0.4521694215212463
195,-0.67604397234553,-0.2364284212658724,-0.594227126711543,-0.3660058345889421
196,-0.7633770962726549,-0.16622626703227528,-0.5597758055336824,-0.27617980479021387
197,-0.8346481137470224,-0.08845587367636237,-0.5112092774105681,-0.18494096171495783
198,-0.8883867805558094,-0.005350095174240087,-0.4492272383361764,-0.09452614956805216
199,-0.9235312931027921,0.08069770917172601,-0.3748697958547588,-0.007103981287313391
200,-0.9394523267783201,0.16719617568711406,-0.2894959651896907,0.07527848753325422
201,-0.9359665628519963,0.25162109744122707,-0.19475412207055687,0.1507456416684152
202,-0.9133393855580827,0.33148159392068655,-0.09254511101581214,0.21763851246334098
203,-0.8722766985545057,0.4043856108429178,0.015021107883529616,0.27455419359391303
204,-0.8139060785702319,0.46810308698271585,0.12567422804346173,0.3203785005729346
205,-0.7397477471374402,0.5206251819121451,0.23703659886831113,0.35431107992973077
206,-0.6516760922978913,0.5602180559054247,0.3466791715399991,0.3758823653554872
207,-0.5518727048439437,0.585469828515673,0.45217902228334095,0.3849619842957719
208,-0.4427721022271571,0.5953295121221164,0.5511770453423321,0.38175843431871975
209,-0.3270014925668935,0.5891369168426579,0.641434400841528,0.36681006868572114
210,-0.2073160767729521,0.5666427486180861,0.7208863307196116,0.34096764939159
211,-0.08653149505615461,0.5280183673768578,0.7876920183371335,0.3053689380470753
212,0.032544907634278954,0.47385493086606384,0.8402792626483057,0.2614059950426041
213,0.1471822961144913,0.40515191552697266,0.8773828636418116,0.21068604045590011
214,0.25479235399541,0.3232952720640712,0.8980757689900806,0.15498689157271783
215,0.35299145943242294,0.2300257334528325,0.901792208711019,0.09620812764707252
216,0.43965749783439884,0.12739804055280748,0.8883422407619758,0.03631923924442629
217,0.5129799177828025,0.017732079052897393,0.8579173409940803,-0.022693905473796655
218,0.5715018069794213,-0.09644287454353812,0.8110868905790954,-0.07888290372300209
219,0.6141529658925902,-0.21244942589132335,0.7487856374333368,-0.13038958968158482
220,0.6402731828821832,-0.32752734249087745,0.6722924297648494,-0.17549638196742484
221,0.6496251602997403,-0.4389012251814962,0.5832007341639781,-0.21267291625949192
222,0.6423968002424285,-0.5438488940243322,0.483381652330308,-0.2406177667946051
223,0.619192824814729,-0.6397687903947256,0.37494033457829057,-0.2582941850703335
224,0.581015972274614,-0.724244718625683,0.2601668501269703,-0.2649589356855136
225,0.5292382706601759,-0.7951063138426546,0.14148270984404365,-0.2601834840480051
226,0.46556313791616727,-0.8504837261526855,0.021384343219714108,-0.24386698429298098
227,0.39197928599805776,-0.8888551525430746,-0.09761509473309096,-0.21624072333011007
228,0.31070761022867144,-0.9090860232121852,-0.21304417104596182,-0.17786389327118785
229,0.22414241924278272,-0.9104588542502559,-0.32253045630374033,-0.12961078415705488
230,0.1347885008446903,-0.8926930085196917,-0.4238552497499954,-0.072649706396294
231,0.04519562154152457,-0.8559538555431356,-0.5150044221644211,-0.008414162192877023
232,-0.04210788014075126,-0.8008510830085446,-0.5942141479293325,0.061433017789377375
233,-0.1246807257421381,-0.7284261806374299,-0.6600104252389233,0.13504167714567375
234,-0.2002318949619866,-0.640129384969016,-0.7112414380535396,0.21042142365893202
235,-0.26667979337434655,-0.537786634430967,-0.7471019913081434,0.28549262375171147
236,-0.32220589637445984,-0.42355733140844976,-0.7671494476180105,0.3581400178297144
237,-0.36530151636028213,-0.2998839357364173,-0.7713108043871573,0.42626760405613
238,-0.39480651442333436,-0.16943461645861926,-0.7598807695739842,0.4878534031305607
239,-0.4099389815977524,-0.035040360784945934,-0.7335109169477841,0.5410027164451989
240,-0.41031514288889204,0.10037192334619274,-0.6931902219449279,0.5839985245869996
241,-0.39595898415649433,0.23384867525439992,-0.6402174917305806,0.6153477417117303
242,-0.3673013612794287,0.36247962527737165,-0.5761664025128842,0.6338221421474775
243,-0.3251686163852491,0.48346670257933827,-0.5028440385917422,0.6384929062001474
244,-0.2707609906430763,0.5941902207346624,-0.42224398655435613,0.6287578892928142
245,-0.20562138056503357,0.6922707220367079,-0.33649517051870304,0.6043608983735578
246,-0.1315952284926793,0.7756249688054202,-0.2478077170989566,0.5654024575024026
247,-0.0507825618567597,0.8425147147228919,-0.1584172092903336,0.5123417557522831
248,0.034516605717283697,0.891587067814261,-0.07052872501800864,0.4459896897725951
249,0.12186213030322851,0.9219054646716299,0.013737942214862423,0.3674931351062853
250,0.20873733594521238,0.9329705077188193,0.09240051632023129,0.2783107990954331
251,0.2926147451817339,0.9247301679616563,0.16366262818189095,0.18018121850077914
252,0.3710222765607353,0.8975791185294995,0.22595716417870168,0.07508366155041635
253,0.4416082305048793,0.852347232854775,0.2779835053440972,-0.03480712788734641
254,0.5022034136130751,0.7902775488831165,0.3187377446292433,-0.14717125138876563
255,0.550878821614549,0.7129942606083657,0.3475351481505614,-0.25959782170900525
256,0.58599741098734,0.6224615440276511,0.36402432285292485,-0.36964165470671045
257,0.6062586359834359,0.5209342502070824,0.3681927627784346,-0.47488110374521086
258,0.6107346078159421,0.41090169793869086,0.3603636638408612,-0.5729756218463381
259,0.5988969415727856,0.2950259674980233,0.34118411721401964,-0.6617216409016025
260,0.5706335888209786,0.17607623109102627,0.31160500863581236,-0.739105396237331
261,0.5262552040578727,0.05686075139103636,0.27285315967214346,-0.8033513978391909
262,0.4664908549077368,-0.05984176525015807,0.22639644205469822,-0.8529653547736656
263,0.39247315271973743,-0.17134976113031578,0.17390277272406884,-0.8867704942056281
264,0.30571314533521193,-0.27514369435724934,0.11719405076243126,-0.9039363775679086
265,0.20806557063582404,-0.3689265807496142,0.05819622414971179,-0.9039994999042315
266,0.10168531164051547,-0.45067872074999504,-0.001113228942272948,-0.8868751596369346
267,-0.011023884665903594,-0.5187052689615902,-0.05875905520747288,-0.8528603000195774
268,-0.1274671674558779,-0.5716754845400847,-0.11282183809954331,-0.8026272450175598
269,-0.2449213998498577,-0.608652710049848,-0.1614900913857594,-0.7372084758253805
270,-0.3606014844000427,-0.629114359290598,-0.20310949815384433,-0.6579728141363921
271,-0.47172855611037456,-0.6329614451939074,-0.23622803168194004,-0.5665935891763446
272,-0.5755983534350049,-0.6205174409167,-0.2596357990241271,-0.4650095621664189
273,-0.6696480703347885,-0.5925165341759502,-0.2723985818108259,-0.3553795594184769
274,-0.7515200273556519,-0.5500816000112001,-0.2738842082644178,-0.24003191928544426
275,-0.8191205759807235,-0.49469247391094756,-0.26378107178722315,-0.12140998487628402
276,-0.8706727663240968,-0.4281453491897612,-0.24210831014641865,-0.0020149706620574137
277,-0.9047614607159178,-0.3525043436209723,-0.20921737027917625,0.11565240553059272
278,-0.9203697611013139,-0.27004647510185076,-0.16578490178285965,0.22915010468299102
279,-0.9169058318418178,-0.1832014497025046,-0.11279714177365277,0.3361513486051484
280,-0.8942194361658306,-0.09448779375312613,-0.051526169485947404,0.4344982286189856
281,-0.8526077582867665,-0.006446951466731424,0.016501384665378177,0.5222510427276529
282,-0.7928103477897803,0.07842298125253239,0.08954239900457672,0.5977321701476475
283,-0.7159932917046775,0.15773220891458878,0.16568114044131171,0.6595634284940993
284,-0.623722986051767,0.22926123137651727,0.24287786635530456,0.7066960212800748
285,-0.5179301359457149,0.2910183145139038,0.31902092920947184,0.7384323676702311
286,-0.40086485517186266,0.34129098480210124,0.3919810736314281,0.7544393080265679
287,-0.27504395649502017,0.3786902476099448,0.4596665575241607,0.7547523926789304
288,-0.1431917173418606,0.4021864132049098,0.5200777048405194,0.7397711822218221
289,-0.008175567103691966,0.4111356266127567,0.5713595086089541,0.7102457099866253
290,0.12706173188316522,0.40529643225109063,0.6118509483849727,0.6672544756356446
291,0.2595717507384848,0.3848359557841336,0.6401297654139142,0.6121745476458483
292,0.3864702030828502,0.3503255476258207,0.6550515494773765,0.5466445466087272
293,0.5050051884194531,0.3027259983906523,0.6557821309206664,0.47252145594984907
294,0.6126222002939438,0.24336269969847824,0.6418224362628258,0.39183235753587486
295,0.7070243097736456,0.17389137749290728,0.6130251519795129,0.3067223129529579
296,0.7862260542484767,0.09625526307831692,0.5696027438945114,0.21939970396159938
297,0.8485997174052449,0.012634783455607895,0.5121265940720598,0.13208040547683111
298,0.8929128745886714,-0.07460895817976113,0.44151723783083874,0.04693218992707879
299,0.9183562939507256,-0.16299548346585158,0.3590259050038067,-0.0339792475935154
300,0.9245615224275798,-0.24998947145397435,0.26620778632607867,-0.10874129807910021
301,0.9116077407365352,-0.3330668899430639,0.16488765244068543,-0.17564121363019974
302,0.8800177369076878,-0.4097810508741608,0.057118644315090256,-0.2332074903255617
303,0.8307431167614936,-0.4778269151812701,-0.054864774916571324,-0.2802448385877995
304,0.7651391355284087,-0.5351020145869785,-0.16869856980745856,-0.3158618840770695
305,0.6849297908760982,-0.5797624408887952,-0.28194432843947287,-0.33949092677994586
306,0.592164057600931,-0.6102724752456491,-0.3921465607228314,-0.3508992871984834
307,0.4891643621941092,-0.6254465878104716,-0.49689070102006083,-0.35019198134060253
308,0.37846858599917793,-0.6244827278352365,-0.5938603969540657,-0.33780568523458077
309,0.262767044012512,-0.6069860413704979,-0.6808926813704286,-0.31449416945070685
310,0.14483600861963733,-0.5729823924826796,-0.7560296742994821,-0.2813055991098937
311,0.027469430686235766,-0.5229213185629519,-0.8175655451850681,-0.2395522997101072
312,-0.08658944761277726,-0.45766831444788203,-0.8640875805613297,-0.19077377868096942
313,-0.19471489406025974,-0.3784866071208315,-0.8945103459296155,-0.13669396214224347
314,-0.2944622499624441,-0.28700884604635263,-0.9081020992639154,-0.07917375165207469
315,-0.383626687653562,-0.18519938713154588,-0.9045028031800149,-0.020160123153142195
316,-0.4602957159830381,-0.07530808458714844,-0.883733288643805,0.03836692307550653
317,-0.5228941461220137,0.040183281329554565,-0.8461953400670651,0.09444819903897834
318,-0.5702204202411055,0.15862062691544188,-0.7926626943656293,0.14619857050611285
319,-0.6014734229851542,0.277241770967194,-0.7242631695132444,0.1918582371443148
320,-0.616269134765196,0.3932436402593414,-0.642452355786084,0.22984073502371738
321,-0.6146467407249792,0.5038508132742261,-0.5489795098608171,0.2587764282774575
322,-0.5970640734503054,0.6063837047357431,-0.44584648307210667,0.2775503708484599
323,-0.5643825344746304,0.6983246995588216,-0.33526068571572876,0.2853335616072741
324,-0.517841902726455,0.7773805929880538,-0.21958323507422578,0.2816067831223737
325,-0.4590256906961371,0.841539782786953,-0.10127355223370159,0.2661764018199043
326,-0.38981794496755295,0.8891227871589852,0.01716824115095672,0.2391817104874363
327,-0.3123526009798668,0.9188248254717396,0.13325972232533753,0.20109360796334433
328,-0.22895668714120754,0.9297493937684983,0.24459394138358087,0.15270463005055024
329,-0.14208882609193557,0.9214319886529179,0.3488951651546459,0.09511056470580667
330,-0.05427459721012004,0.8938533759219207,0.44407123840995744,0.029684097892783257
331,0.03195959852639507,0.8474420582702443,0.5282612951024958,-0.04195886120181083
332,0.11415249436787012,0.7830658630883526,0.5998776689408852,-0.11799934068178564
333,0.18997206358117313,0.7020128401965483,0.6576409975487929,-0.1964609518477293
334,0.2572761525864674,0.6059619236197008,0.7006076841427367,-0.27525987966568766
335,0.31416810762200154,0.4969440646390196,0.7281890708492785,-0.3522579649474554
336,0.3590459883507448,0.3772947790665546,0.7401618837356185,-0.42531754466903393
337,0.3906441243047783,0.24959926411181999,0.7366697262168932,-0.49235666947500756
338,0.4080659637185725,0.11663142406720964,0.7182156193361533,-0.5514033045929917
339,0.41080738427806507,-0.01871170524460186,0.6856458089702188,-0.600647142464711
340,0.3987698760978151,-0.15347852948912763,0.6401252757851188,-0.6384877118659481
341,0.37226326280310296,-0.28473278842202504,0.5831055883863594,-0.6635775577558377
342,0.3319978905381244,-0.4096230576438841,0.5162859284980623,-0.6748593863610465
343,0.27906648043595483,-0.5254501588979299,0.4415682844860872,-0.6715962180858719
344,0.21491610091793614,-0.6297308302464948,0.361007951961088,-0.6533937630741156
345,0.1413109656073055,-0.7202561002383245,0.2767605940326444,-0.6202144263553601
346,0.060286994398407914,-0.7951429414762176,0.19102719622473172,-0.5723825567131402
347,-0.025900716487810144,-0.8528779455462996,0.10599830007860636,-0.510580770560926
348,-0.11483619002787063,-0.8923519589308243,0.02379891387095301,-0.43583740379959446
349,-0.20400515765177865,-0.9128848433791874,-0.053564521665893816,-0.349505365336115
350,-0.2908603608338134,-0.9142397686870805,-0.12425378967354563,-0.253232880168386
351,-0.37288791368897556,-0.8966267048508766,-0.18664394053318437,-0.14892681234480848
352,-0.4476730466962382,-0.8606950476816397,-0.2393626059581544,-0.03870944364014672
353,-0.5129635652316669,-0.8075155805383349,-0.2813226139864447,0.07513025217904362
354,-0.5667294119470894,-0.7385522381967393,-0.3117471056215074,0.19018966119457964
355,-0.6072168178067764,-0.6556243904636128,-0.3301865442534425,0.30400861960772907
356,-0.6329956604192124,-0.5608605967250595,-0.3365272144070592,0.4141271771993311
357,-0.6429988168462677,-0.45664499238251627,-0.3309910216574734,0.5181436249230625
358,-0.6365524971417075,-0.34555764887531043,-0.3141266253318575,0.6137713686251938
359,-0.6133967695058311,-0.23031039623271696,-0.2867921543716933,0.6988932570412896
360,-0.5736957325436363,-0.11367970719657113,-0.2501299689854763,0.7716120328560503
361,-0.5180370485801271,0.0015616878116315805,-0.2055341311626775,0.8302956692388416
362,-0.4474208178699844,0.11271275696231403,-0.154611430729561,0.8736164785775635
363,-0.3632380402044398,0.21721001024590691,-0.09913697581123314,0.9005830320544638
364,-0.2672391712076055,0.3126896009221259,-0.04100549326477185,0.9105641044811419
365,-0.16149352901478514,0.3970441525036701,0.017820407553985257,0.9033040540834553
366,-0.04834053682929368,0.46847291271831665,0.07536367812732324,0.8789292568616643
367,0.06966600768337167,0.525524004739265,0.12968660895645256,0.8379454345443038
368,0.18981926922422812,0.5671277453013717,0.17894356219705385,0.7812259385662976
369,0.309324808880504,0.5926202241411074,0.22143130500064478,0.7099912743940554
370,0.4253685016648283,0.6017565838854008,0.25563565055262405,0.6257803653907046
371,0.535185259345804,0.5947136979509235,0.28027320711479387,0.5304142579362794
372,0.6361268575020174,0.5720822097422474,0.2943271589361728,0.42595315467031375
373,0.7257271852016733,0.534848162815893,0.297076153596029,0.31464782592020196
374,0.8017632970297446,0.48436471205502163,0.28811554441261034,0.19888658657554215
375,0.862310748851222,0.42231465377659316,0.2673704296302522,0.08113913347167052
376,0.9057918382024623,0.35066474188220703,0.23510013734985968,-0.03610138590923195
377,0.9310155440922403,0.27161296194850093,0.1918940214011342,-0.15037666079113923
378,0.9372081649582056,0.1875301104263985,0.13865865315151096,-0.25932044100946317
379,0.9240338825050157,0.10089716751197622,0.07659671209764646,-0.3607133061956484
380,0.8916047274618178,0.014240056245595767,0.007178088529150223,-0.452533651578448
381,0.8404796847729908,-0.06993655559606496,-0.06789609068739327,-0.5330036571587724
382,0.7716529438805163,-0.1492147318142516,-0.14673562204601154,-0.6006291328539666
383,0.6865315679059257,-0.22132636298952138,-0.2273085219639434,-0.654232285321528
384,0.5869031170294512,-0.28421228254649933,-0.3074922790769833,-0.692976628739282
385,0.4748940096934544,-0.3360759070206777,-0.3851277790416736,-0.7163834574359808
386,0.35291963425313133,-0.3754300427494764,-0.4580745483307849,-0.7243395080563497
387,0.22362742766586394,-0.4011356741306076,-0.5242659270523834,-0.7170956576826
388,0.08983431168078354,-0.4124317512140645,-0.5817627791378039,-0.6952567265731394
389,-0.04553998356094302,-0.4089552216438658,-0.6288043814028788,-0.6597626743883211
390,-0.17954207704324537,-0.3907507981499232,-0.6638552001916515,-0.611861691475042
391,-0.30925488288846736,-0.3582702117445032,-0.6856463639145597,-0.5530758866890932
392,-0.43186663302614825,-0.3123609660173925,-0.6932107693349907,-0.48516045538082375
393,-0.5447372878633507,-0.2542448728080541,-0.6859109157334127,-0.4100573710346444
394,-0.6454607113149968,-0.18548690742894963,-0.6634587402109556,-0.3298447776740971
395,-0.7319210917712466,-0.10795516606353081,-0.6259269249364874,-0.24668336421438514
396,-0.8023422333830244,-0.02377293284224377,-0.5737513581841757,-0.16276107389615832
397,-0.8553285188807932,0.06473593622398235,-0.5077246503024294,-0.08023754000262569
398,-0.8898965516050324,0.155106935806131,-0.428980827843664,-0.001189642327295029
399,-0.9054967153803343,0.24479862866113822,-0.33897154843676186,0.07244045272798084
400,-0.9020241405628839,0.3312585490658054,-0.23943439013665224,0.13889347116585077
401,-0.8798188268214834,0.4119896266066262,-0.13235396667390015,0.19663623024428878
402,-0.8396549414520429,0.4846154495225311,-0.019916799322344414,0.24439878576621493
403,-0.7827195796048885,0.5469427137991167,0.09553896747105689,0.2812046109504062
404,-0.7105815330708771,0.5970192726875774,0.21157778989969978,0.3063930673487856
405,-0.6251508607573095,0.6331863095770722,0.3257235716281914,0.31963362392641836
406,-0.5286302805652356,0.6541233024990398,0.43551775009844673,0.32093148949029127
407,-0.4234596034295199,0.6588846273710178,0.538577205856904,0.3106245408991903
408,-0.3122546008137676,0.6469268549452267,0.6326505805795559,0.28937164946426447
409,-0.1977418327373354,0.6181260281346035,0.7156716266112887,0.2581327251469058
410,-0.08269106109175275,0.5727844561722821,0.785808282081676,0.21814100713710077
411,0.030153069831076063,0.5116268236895726,0.8415062692579793,0.1708683249189356
412,0.13813838842379003,0.4357856797480433,0.8815261471906556,0.1179842311048745
413,0.23876991630209385,0.3467766374694545,0.904972909598562,0.06131006171240025
414,0.3297703527192864,0.24646387254462748,0.911317401371474,0.0027691073012515166
415,0.4091348296937256,0.13701675213290768,0.9004090275186915,-0.055665823709680554
416,0.47517859020388076,0.02085864841201812,0.8724794418954541,-0.11202610261929068
417,0.5265764207755497,-0.09939081226638766,0.8281371243023077,-0.16440086031568785
418,0.5623928777219648,-0.220978647936993,0.768352978090105,-0.2109890738962923
419,0.5821025779945933,-0.3410850200187657,0.6944373006730268,-0.25014882219352935
420,0.5856000752637531,-0.45689169327302837,0.6080086908926496,-0.2804424437709059
421,0.5731991032307265,-0.5656507657647205,0.5109556547437604,-0.30067643427886565
422,0.5456212347441082,-0.664751968417501,0.40539184967133285,-0.30993505271496713
423,0.5039742703922434,-0.7517868665874664,0.29360606305066816,-0.30760676479735105
424,0.44972092724972756,-0.8246083704063744,0.1780081487226827,-0.29340283236143366
425,0.38463864095179595,-0.8813840746365768,0.06107224340118074,-0.2673675559033343
426,0.31077151620357296,-0.9206420996187532,-0.05472135001810796,-0.22987988815531835
427,0.2303756566638668,-0.9413082888458033,-0.16694419433979843,-0.18164635461002704
428,0.14585926999176338,-0.9427338312009856,-0.27327625144306433,-0.1236854367490896
429,0.059719073599340866,-0.9247126116825626,-0.3715595426178392,-0.057303789868272226
430,-0.02552538191476493,-0.8874878476474762,-0.4598476344709446,0.015935125591884258
431,-0.10739780384273079,-0.8317478319535443,-0.5364497542804638,0.09424922759775528
432,-0.1835299861687305,-0.7586108732968024,-0.5999684734429248,0.1756818657896615
433,-0.2517237323959157,-0.6695997908444612,-0.6493300585529495,0.2581506492522512
434,-0.31000830301767396,-0.566606578324363,-0.6838067726609343,0.3394998308139311
435,-0.35669193192705373,-0.4518480956348182,-0.7030306098069479,0.4175549375157815
436,-0.390406106238713,-0.327813867744846,-0.7069981590277026,0.49017827721874324
437,-0.4101414869188715,-0.19720726565574515,-0.6960665143694097,0.5553239258794639
438,-0.4152745586963077,-0.06288150764056408,-0.6709403695245877,0.6110908094863173
439,-0.40558433167570307,0.07222795319120431,-0.6326506540181042,0.655772538802482
440,-0.38125866803370234,0.20517299991766483,-0.582525276966412,0.6879027328403023
441,-0.3428900688660408,0.33306267829632763,-0.5221527391244597,0.7062946764799706
442,-0.2914610221168764,0.453131569760294,-0.45333954938208654,0.7100742961403457
443,-0.22831927590455955,0.562805038449353,-0.37806253372016246,0.6987056014828668
444,-0.15514365586424936,0.6597597577218485,-0.2984172491237106,0.6720079267101866
445,-0.07390128398990618,0.7419780389891618,-0.2165638089949868,0.6301645075026256
446,0.013202726108643537,0.8077946396653491,-0.13467148789603683,0.5737221439853097
447,0.10378183206144578,0.8559349136963397,-0.05486350047778395,0.5035819210068353
448,0.1953294593340943,0.8855433828787797,0.020836658423123683,0.4209811789398829
449,0.28528368393160897,0.8962020446520166,0.09055596808962049,0.3274671456609126
450,0.37109356906115903,0.887937986339193,0.15261846233613802,0.22486284791290595
451,0.4502854799566955,0.8612201405967729,0.20558647551734743,0.11522611273055233
452,0.5205276994013008,0.8169452855202045,0.24829553034191448,0.0008026422114150167
453,0.5796917068575506,0.7564136587639986,0.2798820059066758,-0.11602570665807538
454,0.6259085655414288,0.6812948115567743,0.29980290798612114,-0.23279618487156023
455,0.6576189822388155,0.5935845692498567,0.30784726403404067,-0.34702261507631166
456,0.6736157611719638,0.4955541840505557,0.3041388775488927,-0.45625365766644543
457,0.673077561886936,0.38969295742229715,0.28913039510177896,-0.5581304589861473
458,0.6555930872544768,0.2786457695221154,0.26358885894503786,-0.6504422745421979
459,0.6211750658730819,0.16514707703300519,0.22857313320702446,-0.7311787081561778
460,0.5702636474986867,0.051953025766627386,0.18540379684742533,-0.7985772896656507
461,0.5037190942577682,-0.05822663163141712,0.13562628665755158,-0.8511652270954685
462,0.422803917743578,-0.16279512071552762,0.08096824388223356,-0.8877943113663929
463,0.3291548759760216,-0.25933208117979706,0.023292164248690822,-0.9076681190703906
464,0.22474549803935678,-0.34565228331181286,-0.035455430346576736,-0.910360847472753
465,0.11184004165881306,-0.4198581750729331,-0.09329699248580678,-0.8958273210274885
466,-0.007059995894754922,-0.480384966453084,-0.14827776135701146,-0.8644039252287031
467,-0.12927550575115093,-0.5260371463877154,-0.19851900493564023,-0.8168004461999347
468,-0.25201407137243786,-0.5560155435429069,-0.24226932502525925,-0.7540830175257721
469,-0.37243736682802503,-0.5699342802618743,-0.2779527066312517,-0.6776485939253118
470,-0.4877299882470968,-0.5678272229699889,-0.30421207503641,-0.5891915790476967
471,-0.5951680190125426,-0.5501437960033696,-0.31994723701831895,-0.490663426788699
472,-0.692185633221903,-0.5177342925674521,-0.32434622406634883,-0.38422620732425494
473,-0.7764380880586047,-0.47182507968203874,-0.31690922168303026,-0.27220127627767066
474,-0.8458595428650123,-0.4139843469544745,-0.29746445572933794,-0.15701430443918962
475,-0.8987142687395453,-0.3460792855253359,-0.2661756096188982,-0.04113801329939007
476,-0.9336399742772455,-0.27022579764747406,-0.22354055990362842,0.07296598382360298
477,-0.9496821666268555,-0.1887320237463788,-0.17038143707009276,0.18290481542443193
478,-0.9463186875497667,-0.10403712781756969,-0.10782623768937422,0.2864100558557976
479,-0.9234738061618759,-0.018646899807139128,-0.03728242793774944,0.38139014542531935
480,-0.8815215075128234,0.06493218773999698,0.0395968184308268,0.4659782556705476
481,-0.8212778827107267,0.14425879394690383,0.12095291741988856,0.5385744437928632
482,-0.7439827953142366,0.2170207244702133,0.204767710635291,0.5978810835843751
483,-0.6512712635017393,0.281095523058429,0.28891370107128833,0.6429307284510873
484,-0.5451352515101271,0.33460610304631233,0.37120743685401963,0.6731057511189622
485,-0.4278768007005889,0.37597000772788286,0.4494647087584005,0.6881493095920759
486,-0.30205364446977,0.40394104964729594,0.5215561784121114,0.6881674048024383
487,-0.17041863676579444,0.4176422713042565,0.5854620397478977,0.6736220167697515
488,-0.035854476580571115,0.41658938876805063,0.6393243368517891,0.6453155274623485
489,0.09869467331927942,0.4007041197476765,0.6814956163982313,0.6043668544068468
490,0.2302929988684879,0.37031705276442395,0.7105826810200314,0.552179924063175
491,0.3560825690309164,0.3261599778315421,0.725484329062301,0.49040530296715923
492,0.47335089017342286,0.2693478648588788,0.7254221132708153,0.4208959729502054
493,0.5795948283882868,0.20135093721436284,0.7099633224244525,0.3456583801971028
494,0.6725793382889933,0.12395753794701449,0.6790355814842742,0.26680000294447076
495,0.7503895660813016,0.03922871884524219,0.6329326727437983,0.18647476640947813
496,0.8114750594215535,-0.05055430806032912,0.5723113975824863,0.10682768400793792
497,0.8546850126134959,-0.14294853598719776,0.49817952035062035,0.02994011984286063
498,0.8792936981824506,-0.23541187739093342,0.4118750571258142,-0.042222951549046706
499,0.885015479261625,-0.32536864676513955,0.31503738707428564,-0.10786236560979316
