,0,1,2,3
0,0.9997372194804098,0.0,0.022923611966245656,0.0
1,0.9922812641945074,-0.05756287568526515,-0.05851743685250094,-0.09295223319322041
2,0.96649589782845,-0.11320329111453062,-0.14486204700782113,-0.1791247657313773
3,0.9229504790974477,-0.1649354970853441,-0.2343463862379282,-0.25698339672481985
4,0.8626016430526743,-0.2108807269580095,-0.32506909641112675,-0.3252350026656754
5,0.7867705782620877,-0.24931921344484106,-0.4150358140678891,-0.3828540975742463
6,0.6971116905562971,-0.27873811141553156,-0.5022065552613455,-0.42910247259457407
7,0.5955734206802122,-0.2978740874352206,-0.5845448036117935,-0.4635414773074308
8,0.48435217479319803,-0.305749471272797,-0.6600670930549939,-0.4860366902358655
9,0.36584049460747486,-0.3017010270631369,-0.726891859329597,-0.496754917051425
10,0.24257073389496095,-0.28540058811061436,-0.7832863472954892,-0.4961536470734301
11,0.1171556166693091,-0.2568670048164512,-0.8277104044223803,-0.4849632869923238
12,-0.007772873114602776,-0.21646907475183783,-0.858856063203935,-0.46416267064194855
13,-0.12962478183749254,-0.1649193519818227,-0.8756819150772006,-0.43494851061039885
14,-0.24591216610849073,-0.10325896365567905,-0.877441403216046,-0.3986996073572702
15,-0.3543063068926204,-0.03283378982891637,-0.863704308253544,-0.3569367605695016
16,-0.45269077341113145,0.04473741824669493,-0.8343708659570898,-0.311279432534609
17,-0.5392090574272328,0.12760220103818526,-0.7896781350594855,-0.2634002917379154
18,-0.6123056351248043,0.21371986876491247,-0.7301984224108483,-0.2149788147660763
19,-0.6707594784863861,0.30091216670426457,-0.6568297666853248,-0.16765514470519088
20,-0.7137092267649217,0.38691786623512664,-0.5707786762486156,-0.12298539408625708
21,-0.7406694366122938,0.4694499178400737,-0.47353550665209326,-0.0823995403392567
22,-0.7515375514903185,0.5462537340740123,-0.3668430438610239,-0.04716299270523305
23,-0.7465914616124136,0.6151651380642327,-0.25265902626873066,-0.018342813382644877
24,-0.7264777591023601,0.6741665172809782,-0.13311348765392939,0.0032205452111104503
25,-0.6921910234996083,0.7214397630411682,-0.010461930804542323,0.016935267742472036
26,-0.6450446944555274,0.7554146525006071,0.11296455560941243,0.02247340913456852
27,-0.5866342959399754,0.7748114398831804,0.23481104873401445,0.019778949557413248
28,-0.5187939643588074,0.7786765646781885,0.35275117716546006,0.00906847143841837
29,-0.44354739700337503,0.7664105530233886,0.46453888972833496,-0.009175552074933802
30,-0.36305447314822026,0.7377873803073132,0.5680583711552828,-0.03421867833138425
31,-0.2795549045226442,0.6929647734117619,0.6613709133234731,-0.06509526232680422
32,-0.1953103422324863,0.6324851547495605,0.7427576248429145,-0.10063553038646718
33,-0.1125464017786236,0.5572671617736725,0.8107569633394075,-0.1394982589571037
34,-0.033396065780674535,0.46858790918397153,0.8641962012179158,-0.1802082127914554
35,0.04015411454521288,0.3680563908260984,0.9022160839005239,-0.2211973738731075
36,0.10631367218837649,0.2575786385422775,0.9242881058378356,-0.260848893958236
37,0.16353249218004837,0.13931546050985455,0.9302240098766569,-0.29754263209379395
38,0.21053859385311133,0.01563376677282465,0.9201773053675323,-0.3297010957236804
39,0.246368492966663,-0.11094734988400762,0.894636795016132,-0.35583459110985055
40,0.27038939842862086,-0.23781447785526225,0.8544122951077971,-0.3745844061202533
41,0.28231270612269577,-0.36232029587702597,0.8006129235519881,-0.38476289555881416
42,0.28219847338265985,-0.4818450627100093,0.73461851051188,-0.38538941497632045
43,0.2704507864094572,-0.5938576936164308,0.6580448527511343,-0.3757211514285793
44,0.24780416365708818,-0.6959749377994914,0.572703681141089,-0.35527802639151546
45,0.2153013651355515,-0.7860172155977079,0.4805583373744002,-0.32386099384573364
46,0.17426319500473117,-0.8620597544880464,0.38367625771418173,-0.2815632217197288
47,0.1262510873125105,-0.922477776876783,0.2841794360784704,-0.22877382330808738
48,0.07302344718937723,-0.9659846374333421,0.1841940841063146,-0.1661739925006038
49,0.01648687767841759,-0.9916619797706366,0.08580072098751464,-0.09472558798878333
50,-0.04135644830195626,-0.9989811773383084,-0.009014089571764396,-0.015652402269548244
51,-0.09846391383537419,-0.9878155366427916,-0.09840318340496253,0.06958546353300901
52,-0.1528086614012302,-0.9584429670583576,-0.18070032359534646,0.1593235229012727
53,-0.20243542598492145,-0.9115390549433472,-0.25445681599988,0.25173036847090247
54,-0.24551455913971104,-0.8481607147415127,-0.31847234275864644,0.34484977905954856
55,-0.280392850557788,-0.7697208204080869,-0.3718192912866706,0.43664645036168287
56,-0.30563983418582996,-0.6779544411395396,-0.41386002118076964,0.525054235642648
57,-0.3200883795412258,-0.5748775105402955,-0.44425668988363154,0.6080257154523192
58,-0.32286851280644246,-0.46273894294969453,-0.46297344536123136,0.6835818773243669
59,-0.3134335828994946,-0.34396737011091455,-0.47027098577795196,0.7498606786231697
60,-0.2915780807673408,-0.22111380174821046,-0.4666936774030031,0.8051632883859945
61,-0.25744663079318464,-0.09679161171170927,-0.45304960797449,0.8479968566625988
62,-0.2115338961730244,0.026384685265640972,-0.4303841288418945,0.8771127412107842
63,-0.15467536981646277,0.1458603740275741,-0.3999476010129714,0.8915392294816008
64,-0.08802925300590808,0.25919971428122024,-0.3631582037169695,0.8906079259723771
65,-0.013049849924672136,0.36414191474469926,-0.3215607856936396,0.8739731279891254
66,0.06854687842692135,0.4586525520743156,-0.27678283610770443,0.8416236828712811
67,0.15482475787275002,0.5409691957770039,-0.23048872137749382,0.7938870025940685
68,0.24367482055377032,0.6096401461127975,-0.18433337458534438,0.7314251028571785
69,0.33286752529185887,0.6635553646557034,-0.13991663452418407,0.6552227285634529
70,0.4201084798047356,0.7019688723956953,-0.09873941159915904,0.5665678211659415
71,0.503096274079784,0.7245121031565913,-0.06216280827169416,0.46702477092165995
72,0.5795809772335455,0.7311979253642937,-0.03137124377614493,0.3584010739882044
73,0.6474218293528488,0.7224152772121837,-0.0073405284377943,0.24270817615010284
74,0.7046426756899774,0.6989145932555021,0.009188295281105586,0.12211742775211365
75,0.7494837428090028,0.6617844286237549,0.01772867664438078,-0.0010878053952792857
76,0.7804484435865956,0.6124199046925327,0.01806134262328997,-0.12456273576914711
77,0.7963440182155466,0.5524838017923004,0.010239821412138153,-0.2459532465061007
78,0.7963149685766869,0.48386130533996624,-0.005411434754429002,-0.3629482392701647
79,0.7798684198195319,0.40860956717289704,-0.02830627591188087,-0.47333098792173345
80,0.746890741351156,0.3289033699944639,-0.05761318975819471,-0.5750282723971839
81,0.6976549747558297,0.24697827658740926,-0.09227832368079505,-0.6661561213942422
82,0.6328188431081241,0.16507270450868297,-0.13105459923648216,-0.7450610753840576
83,0.5534133490605141,0.08537038990616379,-0.17253616816249692,-0.8103559910833622
84,0.4608222021912321,0.00994469035602593,-0.2151973212014605,-0.860949542103985
85,0.3567525435904933,-0.05929387341227599,-0.25743484564903785,-0.8960687247433305
86,0.24319765187990353,-0.12064552207432808,-0.29761273749602996,-0.9152738489674188
87,0.12239251441642718,-0.17266337160895884,-0.33410811161696796,-0.9184656783305494
88,-0.003236674644592784,-0.2141887873485753,-0.36535712024422695,-0.9058845743240341
89,-0.13112787590019953,-0.24437906289673986,-0.38989968681781567,-0.8781016957044235
90,-0.258642090345351,-0.26272674430313003,-0.40642188932053763,-0.8360024968926763
91,-0.3831243445127421,-0.2690701324161938,-0.41379488374467294,-0.7807629567736589
92,-0.5019652965670591,-0.26359472038201465,-0.4111093429977235,-0.7138191455327125
93,-0.612661967375972,-0.24682555320145905,-0.3977044972443252,-0.6368308981899623
94,-0.7128761200955005,-0.2196107263279342,-0.3731909956485161,-0.5516405052624149
95,-0.8004888678096297,-0.18309646471519372,-0.3374669633901916,-0.46022745000907817
96,-0.8736501798797504,-0.13869443688151042,-0.29072679784502614,-0.36466031507277685
97,-0.9308220816421333,-0.0880421550992688,-0.2334624296956051,-0.26704704674178004
98,-0.9708144958777608,-0.03295748782090352,-0.1664569639401923,-0.1694848009290421
99,-0.9928128542637609,0.02461154047393535,-0.09077080755491282,-0.074010600456774
100,-0.9963968083485522,0.08264036741640415,-0.0077205801466097845,0.017445991754589375
101,-0.9815495874868622,0.13908354752897897,0.08114871343977224,0.10310703379593032
102,-0.9486577802278766,0.1919310103929913,0.17409759850163958,0.18138613358966177
103,-0.8985015501941747,0.23926347317564267,0.26923132852182874,0.25092318833651944
104,-0.832235531709383,0.27930557925737587,0.36454342501025444,0.3106131105376802
105,-0.7513608785252186,0.3104753914941776,0.45796250588332743,0.3596278697534606
106,-0.6576891553137646,0.3314289600513108,0.5474012627048768,0.39743134880263303
107,-0.5532989607716023,0.3410988084713906,0.630806388871759,0.4237866947262907
108,-0.4404863482986911,0.3387253345971171,0.7062082322550436,0.4387560339867278
109,-0.32171026088617716,0.3238803013317061,0.7717689476586969,0.4426926133104331
110,-0.1995343173510878,0.2964817915251831,0.8258279567299341,0.4362256175151972
111,-0.07656637442061061,0.25680021653410035,0.8669435848891971,0.4202380988387297
112,0.044602658752512535,0.20545519382660846,0.8939298349441006,0.3958386241370208
113,0.16145926153813725,0.14340333973866676,0.9058873731099708,0.36432740255883944
114,0.2716255275261208,0.07191725334975693,0.9022279423310834,0.3271577930354165
115,0.37291376200611775,-0.00744380932348911,0.8826915766561013,0.28589420474987665
116,0.4633761309051343,-0.09287086061817788,0.8473561650510478,0.24216749184274808
117,0.541348166065173,-0.18234880232961684,0.7966390991213015,0.19762900378747078
118,0.6054850863776641,-0.2737056678705737,0.7312909321613066,0.15390448365269976
119,0.6547900744833322,-0.3646662663268096,0.652381171984058,0.11254900711283447
120,0.6886338499939176,-0.4529088951770545,0.561276522275018,0.07500412558595825
121,0.7067650974705054,-0.5361237075809757,0.45961207200541265,0.04255831803568852
122,0.7093115352821299,-0.6120712745376032,0.3492561051504376,0.01631176927151396
123,0.6967716442858798,-0.6786398730544464,0.23226935930929168,-0.0028536197798957295
124,0.6699973072149386,-0.7339000590101588,0.11085969794104468,-0.014298219540746091
125,0.630167834958269,-0.7761551469916705,-0.012666726561099772,-0.017642041281328128
126,0.5787560689582114,-0.8039863174898267,-0.13595665562385112,-0.012775043043527872
127,0.5174874444428328,-0.8162912020344922,-0.2566620321653651,0.0001398923025846925
128,0.4482930722914578,-0.8123149559267218,-0.37249218465673045,0.020671383188095378
129,0.37325804370994514,-0.7916730122463826,-0.481264642074963,0.04813126608578243
130,0.29456627794063617,-0.7543649152184461,-0.5809533678488784,0.0815933022539883
131,0.2144433160838193,-0.7007788507392555,-0.6697332642365253,0.11991839441316236
132,0.1350985117259448,-0.6316867214400376,-0.7460198900772649,0.16178566591289442
133,0.05866808029903378,-0.5482298473947709,-0.8085034522641897,0.20572860388487058
134,-0.012839556310936523,-0.4518956056526001,-0.8561762716728399,0.25017533693392846
135,-0.07759475476298437,-0.3444855464184884,-0.8883530841801459,0.293492010401735
136,-0.13399268549801102,-0.22807573532952582,-0.9046837128505272,0.3340281408652756
137,-0.18069326659347443,-0.10497026460837097,-0.9051578340070529,0.3701627783712046
138,-0.21665400111595265,0.022350953896777916,-0.8901017531218878,0.4003502813158686
139,-0.24115490416204294,0.15128885789850488,-0.8601673014677593,0.4231645154783604
140,-0.2538149073388915,0.27918499823400433,-0.8163131564451813,0.4373403253624507
141,-0.2545993451827498,0.40338295070984725,-0.7597790726907319,0.441811191812003
142,-0.24381835450490028,0.5212898875582735,-0.6920536829280219,0.43574208321180946
143,-0.22211624820506196,0.6304368140122703,-0.6148366828025763,0.4185566261591016
144,-0.19045215391875753,0.7285360065940653,-0.5299963488168987,0.3899578623446809
145,-0.15007242922763522,0.8135342569541213,-0.43952344963407475,0.34994201801096464
146,-0.10247557350919732,0.8836606268402004,-0.34548269572173057,0.29880488677930417
147,-0.04937054661004226,0.9374675535068381,-0.24996292849612442,0.23714061150922439
148,0.0073704283724027935,0.9738643072867422,-0.1550272764433875,0.1658328415515643
149,0.06576336101160292,0.9921419901172809,-0.0626645015297415,0.08603843352018507
150,0.12376696179288849,0.9919894709139412,0.025257275287272275,-0.0008359482636557253
151,0.17933868054148797,0.9734998756774188,0.1070333445664994,-0.09316379591127459
152,0.2304908725083473,0.9371674816111297,0.18116064175897392,-0.18913458430036426
153,0.2753456455569279,0.8838750995772009,0.24637052750185892,-0.2867946076876051
154,0.31218697434395304,0.8148722621069839,0.30165533859484056,-0.38409184604186397
155,0.3395087355086971,0.7317447591368155,0.34628809213372724,-0.47892377601813946
156,0.3560574199805321,0.6363762750891272,0.3798348989954774,-0.5691869637347555
157,0.36086841203338077,0.5309030736278197,0.4021598272387809,-0.6528272274992156
158,0.3532948863223401,0.4176628456165777,0.4134221463844088,-0.7278891396145813
159,0.33302855979110707,0.2991389773166577,0.4140660752030352,-0.7925636479042928
160,0.30011174039564437,0.17790160618315543,0.40480334377075955,-0.8452326393757871
161,0.2549403339189301,0.056546908038613716,0.3865890604519892,-0.8845093395049176
162,0.19825769826380152,-0.062363899953221245,0.3605915416431561,-0.90927353923733
163,0.13113946579414065,-0.17636435220602234,0.3281569123879915,-0.9187007655565325
164,0.054969682757795915,-0.2831398681575442,0.2907694156106586,-0.9122846573206579
165,-0.028591165158197384,-0.3805808398043899,0.2500084734804961,-0.8898519724294784
166,-0.11764546603544405,-0.4668303900479869,0.20750362369520994,-0.8515698311954839
167,-0.21010417167102122,-0.5403256533849702,0.1648885042857431,-0.7979449896421114
168,-0.30373773915004837,-0.5998315935529271,0.12375508165798406,-0.7298151306704999
169,-0.3962310637744499,-0.6444665600076394,0.08560930749008804,-0.6483323558200336
170,-0.48524103926274104,-0.6737189918806392,0.051829351053171345,-0.5549392508770281
171,-0.5684553112867694,-0.6874548991824605,0.02362748552110605,-0.45133808014375093
172,-0.6436507563093335,-0.6859159809602999,0.0020166116113264423,-0.3394538322707552
173,-0.7087502202201729,-0.6697084731549771,-0.012217718136638194,-0.22139199101552634
174,-0.7618760904110906,-0.6397830492233021,-0.018539052952448117,-0.09939203339339636
175,-0.8013993497458055,-0.5974063184623102,-0.016675013819919853,0.024222237766409388
176,-0.8259828695366497,-0.5441246748689184,-0.006625092564614736,0.1470943424449307
177,-0.8346178384640267,-0.4817214381223608,0.011338923280967968,0.2668875204834242
178,-0.8266523919128002,-0.41216839319750725,0.036679914045486525,0.3813366262234063
179,-0.8018116973054655,-0.33757297211293547,0.06860960463079924,0.48829828252347335
180,-0.7602089609498662,-0.26012242699517746,0.10610959396419217,0.5857980989508393
181,-0.7023470454806271,-0.18202641539130635,0.1479587007205929,0.6720738312756247
182,-0.629110618608572,-0.10545945482485385,0.19276592626254013,0.7456134592495818
183,-0.5417489878460793,-0.03250470309684188,0.23900819074691165,0.8051872845495174
184,-0.44185000633394184,0.03489951617002025,0.28507187459091915,0.8498732976103046
185,-0.33130565612477647,0.09500909580361726,0.3292970981038599,0.8790752272215878
186,-0.21227012177554186,0.1463181944959861,0.3700235995927359,0.8925328661204934
187,-0.08711135372641904,0.1875968499694392,0.40563702848482047,0.8903244549351077
188,0.04164271695335933,0.21792121735255224,0.43461445610370375,0.8728611010338393
189,0.17136201732988968,0.2366956824797064,0.4555679230654352,0.8408734033051247
190,0.29937482810808397,0.24366630676214504,0.4672848884489505,0.7953906438168628
191,0.4230294718873314,0.23892528069171495,0.4687645208121327,0.7377130879880648
192,0.5397556990849187,0.2229062913971373,0.45924887292424693,0.669378101881688
193,0.6471242822504467,0.19637094024534396,0.4382481082448332,0.5921209443760902
194,0.7429033720775196,0.1603865734820799,0.4055590945647615,0.5078312196176388
195,0.8251102467343828,0.11629610664241952,0.36127684517001657,0.418506078161048
196,0.8920571982506531,0.06568062647102704,0.305798466283222,0.326201331043263
197,0.942390442841682,0.010315737282443952,0.23981945693314372,0.23298168786681253
198,0.9751211126820483,-0.04787722253270411,0.16432239912031227,0.14087134666645706
199,0.9896475805295694,-0.10688383777223799,0.08055826739766106,0.05180614952814809
200,0.9857685809469839,-0.16465179266852822,-0.009979227013740394,-0.032411525990306264
201,0.9636868174079293,-0.21914714677229277,-0.10558566635797448,-0.11015404248362354
202,0.9240029777172163,-0.26841026235220933,-0.20438357773257976,-0.18000494822911847
203,0.8677003151446333,-0.310609942916213,-0.30436480933664256,-0.24078972008156924
204,0.7961201836439065,-0.34409438651020996,-0.4034366137639869,-0.2916000772318246
205,0.7109291367817434,-0.3674376367275825,-0.4994703241475771,-0.33181130313286233
206,0.6140784060561303,-0.3794803268933053,-0.5903514400617849,-0.361092190352391
207,0.5077567600379347,-0.37936365586056237,-0.6740299004232876,-0.37940740976325193
208,0.39433790663019413,-0.36655570370467766,-0.748569311229272,-0.3870122966545302
209,0.2763237327308467,-0.3408693880735159,-0.8121939171082482,-0.3844402372494864
210,0.15628477545119981,-0.3024715722429343,-0.8633321568507674,-0.3724830249749057
211,0.03679938432811,-0.2518830587699142,-0.9006557231027185,-0.35216473199357345
212,-0.07960693692233456,-0.18996943245803913,-0.9231131532917789,-0.3247098035864068
213,-0.1905205283229706,-0.1179229473968126,-0.9299571099993601,-0.2915062269084869
214,-0.2936954748486892,-0.03723587932053505,-0.9207646611604547,-0.2540647478551569
215,-0.3871050544819805,0.05033401922117543,-0.8954500399236717,-0.2139752072185914
216,-0.4689874900807533,0.14280512280376217,-0.8542695465521806,-0.17286113757085766
217,-0.5378849060988934,0.23801957821099595,-0.7978184458845877,-0.13233380363890657
218,-0.592674562308861,0.33369581801781206,-0.7270199088788892,-0.09394688032690669
219,-0.632591630540368,0.4274846444615309,-0.6431062408093761,-0.05915294372987254
220,-0.6572429922246079,0.5170274920980747,-0.5475928269755181,-0.029262901964421564
221,-0.6666117589301408,0.6000154190870145,-0.4422454046523927,-0.005409415656216516
222,-0.6610524494944956,0.6742473544364749,-0.32904143306238914,0.011484745578052015
223,-0.6412769900227907,0.7376861427657881,-0.21012647734000026,0.020732591717559732
224,-0.6083319311418869,0.7885109787932636,-0.08776664422658934,0.021902375142277157
225,-0.5635674947835649,0.8251649096030387,0.03570179644411665,0.01483012184200485
226,-0.5085992649988726,0.8463962016846172,0.15792440191031493,-0.00037509695369097873
227,-0.4452635188488335,0.851292518840598,0.2765809167553955,-0.023333294562244866
228,-0.3755673497626444,0.8393070326383361,0.38943675324870247,-0.05340305211508467
229,-0.301634863024918,0.8102757847935024,0.4943923638962163,-0.08969811874462622
230,-0.22565081809674317,0.76442583581756,0.5895293306576602,-0.13111070940706324
231,-0.14980315294665295,0.702373961104933,0.673152076428471,-0.17634090883582845
232,-0.07622584998751664,0.6251158887477306,0.7438242123368629,-0.22393143274283578
233,-0.006943591004523015,0.5340063069557138,0.8003986664876447,-0.27230685881975614
234,0.056180400044670335,0.43073009722124184,0.8420408927153533,-0.3198163238387438
235,0.11149201103035497,0.3172654666283207,0.868244627895282,-0.3647785921521512
236,0.1575881936091322,0.195839853555836,0.8788398491854759,-0.40552833745361294
237,0.19335216077053285,0.06887966047045188,0.8739927737025456,-0.4404624454077489
238,0.21798095037430054,-0.06104497892508099,0.8541979378325013,-0.46808514057237216
239,0.23100466980420636,-0.19127906705329048,0.820262586822366,-0.4870507670616669
240,0.2322969486457796,-0.319143822119183,0.7732837927003005,-0.4962031080112815
241,0.22207634981499147,-0.4419984918370338,0.7146188952963392,-0.49461021274543
242,0.20089871921110306,-0.5573014034573867,0.6458500228157832,-0.48159381054226397
243,0.16964068397635057,-0.6626687697507927,0.5687435910632577,-0.45675252332250466
244,0.12947473404596882,-0.7559298245780881,0.4852058005136496,-0.4199782431328709
245,0.08183653522955942,-0.8351769508700487,0.39723524502676266,-0.37146521014161854
246,0.02838531922091118,-0.8988095860475512,0.3068738127919339,-0.31171150877742554
247,-0.02904162825880947,-0.945570842113284,0.21615709744711642,-0.24151288908977475
248,-0.08847920993183354,-0.9745759560674394,0.12706554435892084,-0.16194901266090733
249,-0.14788819827579305,-0.9853318865223449,0.0414775336447269,-0.0743624126545614
250,-0.20521097593901902,-0.9777475894517703,-0.038874451705681684,0.01966935891149528
251,-0.25842790232490037,-0.9521347345296729,-0.11244350592393704,0.11836775142575316
252,-0.3056128563253882,-0.9091988578255223,-0.17790287012903427,0.21979260173458295
253,-0.34498652464873075,-0.8500211809218958,-0.23417456460040573,0.3218859473309569
254,-0.3749660607254796,-0.7760315549984277,-0.2804514086859828,0.4225192141391783
255,-0.3942098294108255,-0.6889732054238107,-0.3162119218564186,0.5195426383655091
256,-0.40165607538309595,-0.5908601525413409,-0.34122778015672944,0.6108357220202343
257,-0.3965545052059735,-0.4839283626697098,-0.3555636907682551,0.6943574915070145
258,-0.3784899506799942,-0.3705818354600229,-0.3595697388524117,0.768195328912473
259,-0.347397479917312,-0.2533349558957443,-0.3538664505074569,0.8306111763476679
260,-0.30356853756358254,-0.13475252838476454,-0.33932299878405375,0.880083974170428
261,-0.24764792138530003,-0.01738896438306619,-0.31702915169475465,0.9153472826894338
262,-0.1806216333909504,0.09627188750477096,-0.2882617177195455,0.9354211518481014
263,-0.10379587397903309,0.20387479938750552,-0.25444638154446625,0.9396374415904043
264,-0.01876767153729979,0.30324769611214014,-0.21711593725133177,0.927657953719595
265,0.07261214815575955,0.39245133837279567,-0.17786601505242824,0.899484910178583
266,0.16828275376864577,0.46982295721762607,-0.1383094587268623,0.8554634985094371
267,0.2660227901311347,0.5340127932339835,-0.10003054265509825,0.7962763981994023
268,0.3635043325949363,0.5840126723985942,-0.06454021898997653,0.7229303969230302
269,0.4583499811516348,0.6191759505537009,-0.03323355702625751,0.6367353985146411
270,0.5481916788895351,0.6392283747132803,-0.007350478970701617,0.5392763100828698
271,0.6307297920663139,0.6442696365137401,0.012059189457787271,0.43237846941777086
272,0.703790978211616,0.6347656254322228,0.024165446683421316,0.31806743144208777
273,0.765383394562225,0.6115316211074054,0.028381848711560798,0.1985240700214297
274,0.8137478611642105,0.5757068894363246,0.02438262985612669,0.07603606557105239
275,0.8474036896424003,0.5287213604716433,0.01211276189993172,-0.04705306324371769
276,0.8651880175640619,0.47225526219553454,-0.008209316145643044,-0.16839616599144333
277,0.866287646331108,0.4081927581223499,-0.03609637766413791,-0.28569465789563825
278,0.8502625637183348,0.3385707840612747,-0.07080438747300172,-0.3967494620460542
279,0.8170605359981001,0.265524396596686,-0.11135148304354682,-0.49950948194250167
280,0.767022374003279,0.1912300300155925,-0.15654348079999492,-0.5921164513992423
281,0.7008777070368225,0.11784810745431265,-0.20500526245933368,-0.6729450985869634
282,0.6197313325399255,0.04746646475489228,-0.25521724460211986,-0.7406376767689186
283,0.52504044206943,-0.017953978372343714,-0.3055560028877307,-0.7941320532200015
284,0.4185832496282962,-0.07662992516188102,-0.35433801387578256,-0.8326827064511838
285,0.30241976113474733,-0.12700150619948997,-0.3998653950360102,-0.8558741562583584
286,0.17884561851559866,-0.16777202744540087,-0.44047246931657835,-0.8636265369468383
287,0.05034012372276324,-0.19794066318410228,-0.4745719559860401,-0.8561932167410566
288,-0.08049030737766792,-0.21682727546847255,-0.5006995950179163,-0.8341505610979709
289,-0.21097189741046748,-0.22408874232153936,-0.5175560479432544,-0.7983801295780975
290,-0.33842502207829644,-0.21972639304950525,-0.5240449829967032,-0.7500437803386854
291,-0.46022599815107956,-0.2040843750779699,-0.519306344933187,-0.6905523286377447
292,-0.5738676481401652,-0.1778390070738067,-0.5027439278102406,-0.6215285617178125
293,-0.6770171739412176,-0.1419794019773964,-0.4740465093934487,-0.544765548226643
294,-0.7675699369592144,-0.09777986519969933,-0.43320196516424286,-0.46218129258526947
295,-0.843697842076586,-0.04676478207521409,-0.3805039542278476,-0.37577087067751874
296,-0.9038911548212613,0.009333100535892149,-0.3165509543938108,-0.28755724081066114
297,-0.9469927419652989,0.06861992562403293,-0.24223761472209893,-0.19954195169474764
298,-0.9722239115510095,0.12909229657428914,-0.158738586127905,-0.11365696656053556
299,-0.9792012343947445,0.18869184271077125,-0.06748517941656691,-0.031718789594466855
300,-0.9679439503503104,0.2453613786738139,0.029864619341965826,0.044613981520149504
301,-0.9388717935399268,0.2971012147599398,0.13146207840923746,0.11387864340435686
302,-0.8927933056547971,0.3420241700062114,0.2353087464344109,0.17484099736906392
303,-0.8308849394683767,0.37840787095431055,0.3393015963832984,0.2265218030481851
304,-0.7546614801171168,0.4047429859185564,0.441281202690419,0.2682164535021545
305,-0.6659385239027157,0.41977614554516357,0.5390817876098941,0.29950742274748415
306,-0.566787948102043,0.4225464329731936,0.6305819220675045,0.32026922023440996
307,-0.4594874757429504,0.4124144876855268,0.7137546456425443,0.33066577658738505
308,-0.3464655823024822,0.3890834521577433,0.7867157801885647,0.3311403761837459
309,-0.2302431032801087,0.3526111950528962,0.8477692518298225,0.3223984400818639
310,-0.11337297983569397,0.30341346385646956,0.8954483056851864,0.3053836427173585
311,0.0016203777555535998,0.24225784801924197,0.9285515949804883,0.28124801316312736
312,0.11230062321823227,0.17024866516892062,0.9461732488321772,0.25131682241218856
313,0.2163764493046457,0.08880311197053094,0.947726167907411,0.2170491883288183
314,0.31175461704739094,-0.0003807579739535348,0.9329579608199099,0.1799954363747965
315,0.3965877528337674,-0.09536345972685184,0.9019591124719213,0.14175233430194453
316,0.46931575994915775,-0.1940099485216788,0.8551631641977474,0.10391737071950963
317,0.5286998527104815,-0.2940408151011732,0.7933388798439193,0.06804326951690316
318,0.5738484071626136,-0.3930875461238743,0.717574567032952,0.03559392401399458
319,0.6042340278886214,-0.48875048542246796,0.6292549139779695,0.007902896644408224
320,0.6197014506491182,-0.5786580603426935,0.5300308846174786,-0.013864437075352527
321,0.6204661298166616,-0.6605258015584915,0.42178338401158294,-0.02874411587757203
322,0.6071035921843193,-0.7322136855777555,0.30658155769875256,-0.03600132620532716
323,0.5805298688998484,-0.7917803666420122,0.18663671930295703,-0.0351519177740405
324,0.5419735392687512,-0.8375329379849826,0.0642530068756965,-0.025977136681820324
325,0.49294012844948715,-0.8680709696604284,-0.05822405236672455,-0.008531185322386241
326,0.43516979044576154,-0.8823237087417573,-0.1784598390470824,0.016858597891692924
327,0.3705893735724716,-0.8795794942141275,-0.2941825505134958,0.04959895690998827
328,0.3012601036148995,-0.8595066292071821,-0.40323348244612056,0.08884516280146124
329,0.22932222678948894,-0.8221651626397125,-0.5036144851373169,0.13352232772761313
330,0.15693802770534368,-0.7680092556756216,-0.5935314669001652,0.18235305441881006
331,0.08623467501892745,-0.6978800400839932,-0.6714329151907747,0.23389072421786686
332,0.019248348462239856,-0.6129891099033138,-0.736042529345878,0.28655758097726447
333,-0.04212893458869193,-0.5148930189130924,-0.786385204271439,0.3386866434448685
334,-0.09619844593604601,-0.4054593785732928,-0.8218057683559065,0.38856637840066344
335,-0.14149858458035397,-0.2868253587814106,-0.8419800572516574,0.4344869932600586
336,-0.17684231974966624,-0.1613495818558449,-0.8469180935417697,0.4747871620127002
337,-0.20134729645332558,-0.03155856390314821,-0.8369593360136456,0.507899983377543
338,-0.21445784836072465,0.09991100690682003,-0.8127601564923277,0.5323969853351158
339,-0.21595836896273007,0.23037276202258128,-0.7752738921328146,0.5470290353996553
340,-0.20597771182363853,0.35715245173856613,-0.7257240020283369,0.5507630900205673
341,-0.18498451875389765,0.4776495563474193,-0.6655710244854852,0.5428138175358497
342,-0.15377360520420477,0.589397217285504,-0.5964741812084373,0.5226692546442095
343,-0.11344375931497,0.6901190368445378,-0.520248603227347,0.4901098033066182
344,-0.0653675291515374,0.7777813713453935,-0.43881925753593104,0.44522003968410645
345,-0.01115377624067183,0.8506398529229394,-0.35417273051793596,0.38839298507089687
346,0.0473960425121452,0.9072790165227518,-0.2683080724640265,0.32032667635139755
347,0.10833674272175868,0.9466440778562406,-0.18318792565219771,0.24201306562124594
348,0.16963217696503563,0.968064100705545,-0.10069114617995124,0.15471947047556436
349,0.22921054257911924,0.9712660033373365,-0.022568087346209964,0.05996298329164915
350,0.2850208137915275,0.9563790786330649,0.0496003590116446,-0.04052157504956194
351,0.3350888490555509,0.9239299352968117,0.11443896539120339,-0.1448194085792537
352,0.3775717308686342,0.8748280023896934,0.17080874112312464,-0.2508783136097188
353,0.41080893811621505,0.8103419706387895,0.21783114471927514,-0.35655504396286475
354,0.4333690290543476,0.7320677657496324,0.25490536902114724,-0.45966435999654026
355,0.44409062448237036,0.6418888558204074,0.28171830864210384,-0.5580295768113531
356,0.442116622687159,0.5419298817924606,0.2982470051234614,-0.649533385669283
357,0.4269207468223983,0.43450476205315147,0.3047535558668868,-0.7321677115744906
358,0.39832571730028693,0.32206055582830856,0.30177266348309134,-0.8040813894694334
359,0.3565125517272215,0.2071184715689741,0.29009218793324165,-0.8636244911395122
360,0.3020207176635856,0.09221347365555634,0.27072724008418814,-0.9093882135011133
361,0.23573909346295754,-0.020166028226415722,0.24488851764002775,-0.9402393445537719
362,0.15888792389582435,-0.12763692848067598,0.21394572879191864,-0.9553484533194075
363,0.07299218439655805,-0.22797717765154166,0.1793870717370418,-0.9542111013715276
364,-0.020153015097722937,-0.3191771790245151,0.14277583639145353,-0.9366615423487517
365,-0.11852415406116615,-0.3994855832602107,0.10570526571306056,-0.9028785579865481
366,-0.2199171392051996,-0.4674483769144994,0.06975285629371901,-0.8533832701914617
367,-0.32200008624007753,-0.5219403302703585,0.03643529022936355,-0.7890289638058635
368,-0.42236974843491487,-0.5621880624330975,0.007165172441523189,-0.7109831491453438
369,-0.5186101998596403,-0.5877841923025385,-0.01678929993534132,-0.6207022823290383
370,-0.6083523207974924,-0.5986922675652316,-0.03434068555947671,-0.5198997401934401
371,-0.6893326085490586,-0.5952423946614958,-0.0446137164041861,-0.41050781076272985
372,-0.7594498493515098,-0.5781177250130416,-0.046970963587408106,-0.2946346057838093
373,-0.8168182361353894,-0.5483321808490705,-0.04103207777633042,-0.17451692512570754
374,-0.8598156011519996,-0.5072000220544763,-0.02668609500935256,-0.05247020084497267
375,-0.8871255500632491,-0.45629805814836727,-0.004096476307087576,0.06916328098688686
376,-0.897772431997231,-0.39742149173587676,0.026301264539066577,0.18806664174130946
377,-0.8911482546861764,-0.33253453702767427,0.06380930078948062,0.3019999056064913
378,-0.8670308507981634,-0.26371708538158367,0.10748436712706062,0.40884949977387547
379,-0.8255928160727045,-0.1931087861048356,0.15616135238801146,0.506674580770147
380,-0.7674009665550935,-0.12285197258340375,0.2084830216773357,0.5937490876076859
381,-0.6934062954728567,-0.055034889657182604,0.2629351208003947,0.668598528691708
382,-0.604924644320608,0.008363332582463173,0.31788597653066253,0.7300306399644145
383,-0.5036085317064178,0.06552456043597425,0.3716295890265428,0.777159203337476
384,-0.39141080177572884,0.11483907767770235,0.42243112067511723,0.8094204832944214
385,-0.27054095614387297,0.15494734522272013,0.46857362111592193,0.8265819214400368
386,-0.14341521421248088,0.18477504377981271,0.5084047928345379,0.828742919216468
387,-0.012601502018187077,0.2035605155972799,0.5403825964356547,0.8163277332702344
388,0.1192393044973458,0.2108739152437614,0.5631185196771996,0.7900707012219315
389,0.249414462828905,0.20662759046106077,0.5754173889833771,0.750994203071886
390,0.37526129679579484,0.19107743717734632,0.5763126851241251,0.7003799405279236
391,0.49420848024427166,0.1648152021765424,0.5650964340111201,0.6397342787861721
392,0.6038351881390399,0.12875193692420184,0.5413428764160395,0.5707485387252108
393,0.7019266835266944,0.08409303087836364,0.504925273573666,0.49525524855115227
394,0.7865249960790205,0.032305466622664335,0.4560253752884459,0.4151814596802447
395,0.8559734683061532,-0.024921863024176177,0.39513525910043124,0.33250029972161754
396,0.9089540960838118,-0.08572375911019632,0.3230514387575571,0.24918197417378835
397,0.9445167671314196,-0.14810907398924172,0.24086133295988926,0.16714543695372422
398,0.9620997001192487,-0.21001453255450683,0.149922376282337,0.08821192797019196
399,0.961540603234516,-0.26936063851024916,0.05183423858012255,0.014061524226426142
400,0.9430782989375817,-0.3241082324163776,-0.05159520757047972,-0.0538062292740645
401,0.9073447956376922,-0.37231424981795214,-0.1583893740783526,-0.11410664919607495
402,0.8553480213098507,-0.41218524591304595,-0.2664469635400683,-0.16579837488107502
403,0.7884456628525085,-0.44212730748221424,-0.37358944335897254,-0.2081052822931939
404,0.7083107725807115,-0.46079106185961927,-0.4776108470772385,-0.24053133997582754
405,0.6168900042706443,-0.4671106143575817,-0.5763287006621736,-0.2628680759972568
406,0.5163555206447158,-0.4603353967361302,-0.6676348395669556,-0.2751945126777043
407,0.4090517676729629,-0.4400540862678612,-0.7495448809291815,-0.2778696168987114
408,0.2974384347770176,-0.4062099532722982,-0.8202451443514164,-0.27151750320715284
409,0.18403101091000126,-0.3591072097313809,-0.8781358736394287,-0.2570058099924973
410,0.07134040232003507,-0.2994081573856142,-0.9218696992283437,-0.23541784115144868
411,-0.03818690277053305,-0.22812116490474257,-0.9503843946683348,-0.20801922254975203
412,-0.1422266547713493,-0.1465797345484874,-0.9629291176804031,-0.17621996032084583
413,-0.23863123464226985,-0.056413143404634686,-0.9590834835542428,-0.1415329031630782
414,-0.3254792919912654,0.04049064280862938,-0.9387689921678181,-0.10552970043560257
415,-0.40111942583398835,0.1420288895974777,-0.9022525153818484,-0.0697954097734504
416,-0.4642068558230022,0.24593377964998273,-0.8501417444212264,-0.03588294060449253
417,-0.5137322089957286,0.34982664994712676,-0.7833726923356964,-0.00526852254985938
418,-0.5490417458037001,0.4512754477698634,-0.7031895399026378,0.02069063982707555
419,-0.5698485643983621,0.5478539890829468,-0.6111172996184491,0.040795421386299796
420,-0.5762345484781913,0.6372015536972933,-0.5089279471168898,0.054039520253957606
421,-0.5686430557920088,0.7170813389761197,-0.39860082813503767,0.059638982233140944
422,-0.547862575855431,0.7854363180087892,-0.28227828809680644,0.05705573064107013
423,-0.5150018107940868,0.840441108565536,-0.1622175870681339,0.04601447987033985
424,-0.47145684685745665,0.8805485542974777,-0.04074025240280867,0.02651258022149525
425,-0.4188712807253239,0.9045298472255858,0.07981991736389366,-0.0011774776435729065
426,-0.35909033935871465,0.9115071774245724,0.1971689524081419,-0.03651298247208168
427,-0.2941101804828459,0.9009780780786167,0.30910366951703533,-0.07869324017482897
428,-0.2260236791448126,0.87283083725563,0.4135602719987218,-0.12667883574546224
429,-0.1569640912275427,0.8273505667828147,0.5086594352359828,-0.17921744517393493
430,-0.08904803521314741,0.7652157480795544,0.5927468094945292,-0.23487555460238918
431,-0.024319247637323422,0.687485309021621,0.6644279857292952,-0.2920752914121949
432,0.035305454764905396,0.5955765190620157,0.7225971075717154,-0.34913543924215046
433,0.08808663166686474,0.49123421612891016,0.766458470007514,-0.40431559947589435
434,0.1325078129163041,0.3764920926411969,0.7955406185532,-0.45586237827525544
435,0.16731507299084544,0.2536269640154095,0.8097026477034901,-0.5020564229012059
436,0.19154958381052684,0.1251071164115472,0.8091325894558146,-0.5412591052774409
437,0.2045723228441283,-0.0064640231271672986,0.7943379770555716,-0.5719576551969807
438,0.20608031333917945,-0.13840753518763735,0.7661288609252751,-0.5928075801764412
439,0.19611398900152013,-0.26803053388976233,0.7255937382879353,-0.6026712728992676
440,0.17505550113578003,-0.3926880821420584,0.6740690307005397,-0.6006517988952728
441,0.14361801646837172,-0.5098439981436843,0.6131029003038282,-0.58612097432321
442,0.1028262828285572,-0.6171290819134545,0.5444143322046722,-0.5587409835571965
443,0.05398896181561884,-0.7123953538081433,0.4698485236683768,-0.5184789452632508
444,-0.0013365630427190998,-0.7937649949012309,0.3913297079292657,-0.46561400984149903
445,-0.061386002589170194,-0.859672809302691,0.3108125992985138,-0.4007367561742272
446,-0.12423553383850805,-0.9089011877791958,0.2302336754357741,-0.3247408469545618
447,-0.18785351631113353,-0.9406067364302315,0.151463511472943,-0.23880709471014144
448,-0.25015523037145915,-0.9543379391136512,0.07626134920978125,-0.14438028017291787
449,-0.309059236756628,-0.950043442708141,0.00623302367314985,-0.043139246152016045
450,-0.36254391344203324,-0.9280707846828513,-0.057206719491434826,0.0630390409930299
451,-0.40870271929445784,-0.889155617100201,-0.11286659678442305,0.17212061802926132
452,-0.4457967637988504,-0.8344017142874897,-0.15980506795646554,0.2819598638742603
453,-0.4723033277838734,-0.7652522771969332,-0.1973499001037833,0.39034796750876594
454,-0.48695907988986303,-0.6834532603373809,-0.22511056120580167,0.49506336026879305
455,-0.4887968650431845,-0.5910096418319498,-0.2429831723658749,0.5939228956124197
456,-0.4771751011481689,-0.4901357288166597,-0.25114793724067536,0.6848325370492814
457,-0.45179900459761585,-0.38320073480427846,-0.25005915803341666,0.7658363230963137
458,-0.41273306943543403,-0.27267097922909056,-0.24042813519105735,0.8351624167125855
459,-0.36040444398337623,-0.1610501393701928,-0.2231994278775948,0.8912651147447519
460,-0.2955970769999029,-0.05081902926348998,-0.19952111988664556,0.9328617888267279
461,-0.21943673726858365,0.05562361201384425,-0.17070988670828868,0.9589638505718028
462,-0.13336724012179546,0.1560178693269719,-0.13821179019827112,0.9689009777903813
463,-0.03911843604731084,0.24829554944107818,-0.10355983444118277,0.9623380013173564
464,0.0613332753457515,0.3306279391093913,-0.0683293972765914,0.9392840298245538
465,0.1658109533243193,0.40146726577444963,-0.0340927045504059,0.900093578338224
466,0.27198852739131424,0.4595808632650727,-0.0023735371541919546,0.8454596604270443
467,0.3774463551274315,0.5040772293309279,0.025396646242303655,0.7763989993751341
468,0.4797295624784638,0.5344233662548401,0.04792002498628358,0.6942297052779975
469,0.5764077291236861,0.5504530150015924,0.06407009113728909,0.6005419481633202
470,0.6651344439253821,0.5523656219195048,0.07292469694407305,0.49716232741547056
471,0.7437052544902303,0.5407161091940144,0.07379360749371383,0.3861127907681491
472,0.810112570631043,0.5163957502612073,0.06623983145098265,0.26956508814584557
473,0.8625961531487448,0.48060467348207986,0.05009416181661906,0.14979185342354373
474,0.8996879251106765,0.4348167260141807,0.025462532126953145,0.029115488078372956
475,0.9202499800828526,0.3807376197940939,-0.007274022868088179,-0.0901439272627137
476,0.9235048271956177,0.3202574481293553,-0.04746682389467059,-0.20572044549198676
477,0.9090571023946293,0.2553988004458597,-0.09421425319652219,-0.3154525508080689
478,0.8769061840652285,0.1882618107900602,-0.14638335608326727,-0.41733074174809576
479,0.8274493742425464,0.1209675500656675,-0.20263780702244355,-0.5095412682618191
480,0.7614755383061537,0.055601210854646796,-0.26147154536773565,-0.5905049880194525
481,0.6801493306578704,-0.005843463915309286,-0.32124723917919856,-0.6589104288557488
482,0.5849863655753742,-0.06151709127655098,-0.3802386099655545,-0.7137402882444392
483,0.4778199154698993,-0.10976355001883485,-0.4366755497420625,-0.7542907633831049
484,0.36075992761649534,-0.14916363004518157,-0.4887908871256094,-0.7801832828001669
485,0.23614533988312109,-0.17857232013751603,-0.5348676131872582,-0.7913683979636509
486,0.1064908413543567,-0.1971487876089988,-0.5732853616418865,-0.7881217865146679
487,-0.025570639082983647,-0.20437828969629696,-0.6025649521182682,-0.7710325126714292
488,-0.15734832755936673,-0.20008546198809932,-0.621409849406329,-0.740983880240372
489,-0.28615542347901124,-0.1844386485351252,-0.6287434646571856,-0.6991273948222549
490,-0.4093708459145746,-0.15794516603382608,-0.6237413247262633,-0.6468505197265115
491,-0.5244994143947597,-0.12143762490345851,-0.6058572607327426,-0.5857390606531164
492,-0.6292290087398762,-0.0760516573989525,-0.5748429133712298,-0.5175351436511191
493,-0.7214833268969089,-0.02319562141403591,-0.5307600169262473,-0.4440918560269212
494,-0.7994689680731564,0.0354869471565313,-0.4739851022249606,-0.367325698173087
495,-0.861715708177458,0.09816117583857932,-0.40520644649003273,-0.2891680438103909
496,-0.9071090021819761,0.16284987240791485,-0.32541329055039353,-0.21151682569078037
497,-0.9349139393542548,0.22748646614264664,-0.23587753634220487,-0.1361896529556
498,-0.9447900876298825,0.28997052135349066,-0.13812832528668137,-0.06487952539746973
499,-0.9367968874795785,0.34822440388684184,-0.03392007628638938,0.000885760096680465
