,0,1,2,3
0,-0.7764517319555648,0.0,-0.6301767275480772,0.0
1,-0.8166792642103398,0.10460852923923039,-0.562225833350186,0.07742187890352178
2,-0.8380692501307195,0.20965377257410261,-0.4811595356707281,0.14889838435627462
3,-0.840366456515578,0.31235962314851173,-0.3886199756086061,0.21257986533991619
4,-0.8237759439485688,0.4099829751059684,-0.286530806307798,0.26684686869346286
5,-0.7889556517946777,0.49988372710872975,-0.1770525891490412,0.31035080078636934
6,-0.7369978482632318,0.5795924253433405,-0.06253229270511368,0.34204751791093674
7,-0.6693999269332441,0.6468738432796338,0.054551875763453606,0.361223008061629
8,-0.588025295260004,0.6997848950938648,0.1716489599311895,0.3675105267708594
9,-0.49505534596156986,0.7367254194425582,0.286195635561068,0.3608987655393866
10,-0.3929337227158773,0.7564805467095246,0.3956770057506146,0.34173085772714296
11,-0.28430428179997214,0.758253571556232,0.49768632157929593,0.3106942578891497
12,-0.17194430644636138,0.7416884883908976,0.5899821650972263,0.26880176066442363
13,-0.0586946469267121,0.706881604362847,0.6705416934827996,0.21736414869240703
14,0.05261146617967438,0.6543819162839558,0.7376086398093911,0.1579551700499313
15,0.1592191572532075,0.5851802177053217,0.7897348948035788,0.09236973908976115
16,0.25852042470975956,0.5006871832596499,0.82581465204974,0.022576425478130296
17,0.34811873672526294,0.4027009523148529,0.8451102823738531,-0.049334559605854145
18,0.42588809657756166,0.29336499611517775,0.8472693070713747,-0.1212065573419003
19,0.49002511074480193,0.1751172953733592,0.8323320591647434,-0.19087343185273922
20,0.5390927695981222,0.050632072661930316,0.8007298515324897,-0.2562168687845107
21,0.5720548593265481,-0.07724448949333007,0.7532737048393329,-0.31522254418334905
22,0.5883001594079682,-0.20556296284988282,0.6911339209004976,-0.3660337335897353
23,0.5876558365967,-0.3313421262487385,0.6158110126543919,-0.40700099481496343
24,0.5703897176178176,-0.45164139348014193,0.5290987146952268,-0.43672665574594854
25,0.537201401761606,-0.563632426801386,0.43303999304918855,-0.4541029683048814
26,0.48920245438570903,-0.6646681652564974,0.32987714473224883,-0.4583429481303911
27,0.42788619596649163,-0.7523475595407251,0.2219972223428497,-0.44900310269139504
28,0.3550878619591003,-0.8245744102316066,0.11187413293298132,-0.42599745381986315
29,0.2729361498182438,-0.8796088511698714,0.002008840846616844,-0.3896024789762828
30,0.18379738507787563,-0.9161102010207809,-0.10513085086926383,-0.3404528234861674
31,0.09021372300578123,-0.9331701190786827,-0.20716945758808736,-0.27952786781065303
32,-0.005163048570409001,-0.9303352409014483,-0.3018804543965807,-0.20812946384310194
33,-0.09964042984685391,-0.9076187294236294,-0.3872390118064646,-0.12785137650617484
34,-0.19055510979340756,-0.8655004513321408,-0.46146953520696,-0.04054117599866913
35,-0.27534207969058405,-0.8049157698796887,-0.5230868484258483,0.05174448332494376
36,-0.3516012122263929,-0.727233226961455,-0.5709300215047047,0.1467900940417868
37,-0.4171596228585066,-0.6342216621854487,-0.6041880272294922,0.24227579330962684
38,-0.4701282362598767,-0.528007577989771,-0.6224166154826937,0.3358347745955175
39,-0.5089511263039861,-0.41102380110228853,-0.6255460139904991,0.42511218559567154
40,-0.5324463795676867,-0.2859507058011849,-0.6138792930496687,0.5078240446275707
41,-0.5398374451965902,-0.15565144816937765,-0.5880814646203413,0.5818147045377828
42,-0.5307741728687969,-0.023102808275140108,-0.54915961695769,0.6451114266296399
43,-0.5053429995353451,0.10867665471467974,-0.49843460897399594,0.6959746964635899
44,-0.4640660181369349,0.23669936375616463,-0.43750505821630803,0.7329430169140718
45,-0.4078889407831696,0.35808060900121785,-0.36820454749101206,0.7548710490216455
46,-0.3381582479500469,0.4701077869962142,-0.29255314300742696,0.7609601346097918
47,-0.2565880871255944,0.5703052909713487,-0.21270445727357062,0.7507804222882142
48,-0.1652177422129855,0.6564934581397499,-0.13088959937114283,0.7242840256793026
49,-0.06636073243440133,0.7268401284214515,-0.049359430950592795,0.6818088643331728
50,0.03745318947403425,0.7799035533395875,0.029673413550720795,0.6240730683299469
51,0.14354169060903244,0.8146656094069754,0.10409128033690375,0.5521600612725321
52,0.24913757040829554,0.8305545117558277,0.1719255941763014,0.4674946674350582
53,0.3514588364818334,0.8274564850438306,0.23140694040687415,0.37181081150132494
54,0.4477793868251213,0.8057161232851688,0.2810098733784613,0.2671115880613533
55,0.5354985242674414,0.7661254513636379,0.3194913278923313,0.1556226676350499
56,0.6122075561483209,0.709901981584767,0.34592167247394157,0.039740171737831786
57,0.675751803040234,0.6386563317273604,0.35970762958889535,-0.0780257127360176
58,0.7242864530965678,0.5543502298630221,0.3606064935148731,-0.1951100031943907
59,0.7563248505034675,0.45924596928406625,0.3487312963620628,-0.3089536262044543
60,0.7707779937782523,0.3558485882929926,0.32454680118618273,-0.417064072244148
61,0.766984237627929,0.24684222910434256,0.2888564325404921,-0.5170745154627938
62,0.7447284353339904,0.13502227323227675,0.24278048337218533,-0.6067999507496201
63,0.70425002110706,0.023224953933758813,0.18772615716201663,-0.6842889734627196
64,0.6462398070186889,-0.08574379300744218,0.12535021012606906,-0.7478699342843607
65,0.5718255501114262,-0.18917846213124428,0.05751514498983215,-0.796190340183941
66,0.48254662510834034,-0.28454134439568934,-0.013759929367547608,-0.8282485389482105
67,0.3803184098134202,-0.3695254474232593,-0.08635252329380513,-0.8434169150452372
68,0.26738724703962236,-0.4421114039716573,-0.15809272421472206,-0.8414560339965181
69,0.1462770823173412,-0.5006169548900734,-0.22682046490437702,-0.8225193957384095
70,0.019729084848150502,-0.5437377802190742,-0.2904426463223472,-0.7871486891120127
71,-0.10936426502109026,-0.5705786700051261,-0.3469886619146709,-0.7362596738748122
72,-0.23802899951198167,-0.5806742693761385,-0.39466290951302613,-0.671119047658852
73,-0.3632816772770471,-0.5739988943847438,-0.43189295171991643,-0.5933128773712278
74,-0.4822018103669561,-0.5509651895211845,-0.45737209407560964,-0.5047073821290968
75,-0.5920029154052157,-0.5124116777686359,-0.47009528966275416,-0.40740304279048745
76,-0.6901004326801805,-0.4595795326233768,-0.46938744564005763,-0.303683176820528
77,-0.774174833133911,-0.3940791716704943,-0.45492339734315157,-0.19595825256248597
78,-0.8422283512733799,-0.31784752634280866,-0.4267390243007975,-0.08670732061299269
79,-0.8926339389253577,-0.2330970760258082,-0.38523320457515964,0.0215819906304342
80,-0.9241752266071961,-0.142257940871584,-0.3311605336978212,0.12647343478172535
81,-0.936076501326083,-0.04791450140056622,-0.26561496639413085,0.22564058555167205
82,-0.9280219563312029,0.0472618501362376,-0.19000476746930378,0.31692231607736554
83,-0.9001637335939371,0.14058212500732897,-0.10601937696430994,0.39837395818344595
84,-0.8531185569856192,0.22940956423296954,-0.015588998505235457,0.4683128897337939
85,-0.7879530363681555,0.3112281101643283,0.07916209643506167,0.5253574387117319
86,-0.7061580030908245,0.38370779201457605,0.17596739647386983,0.568458160638306
87,-0.6096125087271584,0.44476537157466256,0.27247382801025627,0.5969207372012388
88,-0.5005383745412222,0.49261871441984106,0.36629990156685616,0.6104199537425737
89,-0.3814464127858795,0.5258335094548938,0.45509488139436866,0.609004436302217
90,-0.25507564669875993,0.5433611517180967,0.5365975046730458,0.5930920596698737
91,-0.12432702885983055,0.5445668251654936,0.6086927851014696,0.5634561706020057
92,0.007806706885390591,0.5292470681438287,0.6694654806663897,0.5212029992094125
93,0.13831332981690753,0.4976363682842784,0.7172488858405858,0.46774085080975114
94,0.2642337509870811,0.4504026090101258,0.7506677223760598,0.4047418748028273
95,0.38273322638754714,0.3886314698637701,0.7686740474298415,0.33409739127734767
96,0.4911693716660002,0.31380016042149317,0.7705752693969947,0.2578679155118351
97,0.5871553157052412,0.22774113573771648,0.7560535562712539,0.17822915132369035
98,0.6686164421678955,0.13259669333735122,0.7251761337800019,0.09741532309977592
99,0.7338393283672947,0.03076558144916684,0.6783961956688634,0.0176612808580038
100,0.7815116855486287,-0.07515705030280259,0.6165443807457527,-0.058855158750605326
101,0.8107523289971708,-0.18244485820474057,0.540811004859836,-0.13006918068016235
102,0.8211304547384346,-0.2883090392964457,0.4527194650773489,-0.19408183866887563
103,0.8126737657675193,-0.3899688730786632,0.3540914522235512,-0.24920849087704322
104,0.7858652681082569,-0.48472230216377366,0.24700481123987533,-0.29402158660639477
105,0.7416288386461781,-0.5700147808685974,0.13374507139685632,-0.3273867302697166
106,0.6813039455870589,-0.6435046619285347,0.01675182575988815,-0.34849111916583736
107,0.6066101716190458,-0.703123475944687,-0.10143873249360746,-0.3568636445673108
108,0.5196024426982264,-0.7471295837708692,-0.21825371345534306,-0.35238615631059794
109,0.42261809554245355,-0.7741538456891384,-0.3311444090040978,-0.3352956142124657
110,0.3182171186803569,-0.7832361488436359,-0.43764665705427597,-0.306177079632976
111,0.20911707024574228,-0.7738518610879369,-0.5354392141753478,-0.2659477316050288
112,0.09812430645031471,-0.7459275295086283,-0.6223987078661386,-0.21583231836627143
113,-0.011936755432924495,-0.6998454091901268,-0.6966498238049293,-0.15733067119222685
114,-0.11829456891083776,-0.6364366856245586,-0.756609500741842,-0.09217810772959326
115,-0.21829981165414358,-0.5569635356234327,-0.8010240534405927,-0.022299731550196544
116,-0.3094914287871007,-0.46309044964010526,-0.8289983185431248,0.05024021110739099
117,-0.38965771929265985,-0.3568455061321582,-0.8400161150880263,0.12329263133433643
118,-0.45689094465676494,-0.2405725393049685,-0.8339515257716746,0.19468017538030338
119,-0.5096341026952753,-0.11687536902841128,-0.8110707315727621,0.2622546431819257
120,-0.5467187071281617,0.011444539767695383,-0.7720243654385378,0.32395378830141464
121,-0.5673926399393993,0.1414554562923755,-0.7178305845635237,0.37785605446109416
122,-0.5713373932209869,0.27016614314261517,-0.6498492895704685,0.4222318546150289
123,-0.5586742838009715,0.39459825161267315,-0.5697481369468009,0.4555900842746072
124,-0.529959500832084,0.5118585669386706,-0.4794611929842305,0.4767186794656096
125,-0.4861681267485588,0.6192093195930616,-0.38114125820376227,0.4847181782827499
126,-0.4286675485795932,0.714134825314239,-0.27710704634031413,0.47902741981718655
127,-0.3591809426277513,0.7944028063120141,-0.1697865275667557,0.4594407109012675
128,-0.27974176433216524,0.8581188768069707,-0.061657838647883545,0.42611600473244476
129,-0.1926404005241293,0.9037728444980149,0.04481077916565862,0.37957386067066823
130,-0.10036433761590877,0.9302756815249912,0.14722053189231288,0.32068718572383825
131,-0.0055333616387933104,0.9369862489838034,0.24329964665137183,0.2506619896664677
132,0.08916856959210702,0.923727112331168,0.3309575514839793,0.17100961159230177
133,0.18106305866623548,0.8907890547883432,0.40833433170240135,0.08351109033457033
134,0.26754684155357233,0.8389241754101826,0.47384425289770427,-0.009825450771889871
135,0.3461594419535317,0.7693277408759434,0.5262122902935236,-0.10681335782186997
136,0.4146471958436815,0.6836092382594692,0.5645027799136879,-0.20514074148008277
137,0.47102202618157285,0.5837533431300922,0.5881395046385117,-0.30242719507315113
138,0.5136134794458349,0.47207176668077167,0.5969167427206032,-0.39628252938309505
139,0.5411127047498919,0.3511471709770837,0.5910010323588148,-0.48436606489706
140,0.5526072583985692,0.22377053726650567,0.570923637846184,-0.5644450056162741
141,0.5476058469329205,0.0928735337154386,0.5375639348272327,-0.6344504386578573
142,0.5260523741695295,-0.038542448058269174,0.49212415853433555,-0.6925295603186554
143,0.48832892617780205,-0.1674788367693285,0.43609617387883476,-0.7370928206275437
144,0.4352476058430844,-0.2910122166567085,0.37122112459161427,-0.7668548024374281
145,0.3680314086930646,-0.4063646715889707,0.29944299529965596,-0.7808678047312215
146,0.2882846070193621,-0.5109704062685343,0.2228572710913756,-0.7785472792291854
147,0.1979533731202513,-0.6025370063917858,0.14365600001648146,-0.7596884701362799
148,0.09927761812678511,-0.6790998339419726,0.06407065208317272,-0.7244738239720557
149,-0.005264755792202522,-0.7390682254054848,-0.013685778527230144,-0.6734709644881052
150,-0.11301980055998412,-0.7812623653257513,-0.0874759644201927,-0.6076212610300523
151,-0.2212241185181691,-0.8049399401378394,-0.15529328529998865,-0.5282192515400086
152,-0.32707444552830156,-0.809811931862149,-0.2153133297577623,-0.43688340793016356
153,-0.4277984796854116,-0.7960471816290626,-0.2659405613514113,-0.3355189461526308
154,-0.5207251812113309,-0.7642656324188006,-0.30584897494725327,-0.22627358060461178
155,-0.6033527801492191,-0.7155204418694314,-0.33401572181599726,-0.11148729763035736
156,-0.6734127836002859,-0.6512694325192449,-0.34974686003984956,0.006362628548021776
157,-0.7289283720719338,-0.573336611520786,-0.35269458592885544,0.12472003581981406
158,-0.7682657126213104,-0.4838647381030743,-0.34286551737258125,0.24101026332449998
159,-0.7901768914506611,-0.3852601387375366,-0.3206198259759367,0.35270105317175443
160,-0.7938333760922061,-0.2801311615673656,-0.28666124578694885,0.45736247494174653
161,-0.7788491521495484,-0.17122181842616507,-0.24201821663575185,0.5527244068314853
162,-0.745292935895235,-0.06134228080674073,-0.18801664380321298,0.6367301672946458
163,-0.6936891354779532,0.04670202748165603,-0.12624496732287965,0.7075849858318066
164,-0.6250075133066019,0.15018096539561088,-0.05851242839273263,0.7637981288709232
165,-0.540641783380914,0.24650807341788597,0.013198407730064837,0.8042176532729781
166,-0.44237765292182796,0.3333051274815504,0.08678366766358736,0.8280569420134931
167,-0.3323510807496088,0.4084612377233857,0.16007340488717867,0.8349123795045037
168,-0.212997768904079,0.47018502007497737,0.2308886520229797,0.8247717427906875
169,-0.08699512291264588,0.5170485437360911,0.2970988418491493,0.7980131140411755
170,0.04280189557417491,0.5480219649192263,0.35667813802434845,0.7553943536701949
171,0.17342944704341173,0.5624979917158924,0.4077592426694117,0.6980334062431925
172,0.30188633264330267,0.5603055806479155,0.4486833100977435,0.6273799372770155
173,0.42520659040846287,0.5417125360353509,0.4780446925681667,0.5451790125112705
174,0.5405313784676821,0.5074169619707829,0.4947293725482282,0.45342772691379046
175,0.6451783708436514,0.4585277964721355,0.4979460934177006,0.3543258637299684
176,0.736706951872335,0.3965349312993405,0.4872493828845808,0.25022181000263694
177,0.8129775982859939,0.32326968211908574,0.4625538660797296,0.14355507055642244
178,0.8722039810648591,0.24085661565934957,0.42413948328231177,0.03679680459973883
179,0.9129964987160173,0.15165795716617747,0.37264745506301633,-0.06761014417624067
180,0.9343961652251163,0.0582119874454084,0.30906706962525987,-0.16731024297247116
181,0.935898014287699,-0.03683301060358829,0.23471359747953405,-0.26009183635868066
182,0.9174634406379695,-0.13078758454009515,0.15119786154516177,-0.3439398922589152
183,0.8795211729081103,-0.2209909829777124,0.06038820076167045,-0.417083633169243
184,0.8229568536678604,-0.3048802971940443,-0.03563424294405457,-0.47803788773879785
185,0.7490914841185418,-0.3800571250211864,-0.1346258157499958,-0.5256371561023412
186,0.6596492663401357,-0.44435007040465097,-0.23423498101909473,-0.5590615654963988
187,0.5567156381655901,-0.49587149641293665,-0.33205993561121244,-0.5778540961427456
188,0.4426865381643968,-0.5330670935394186,-0.42570778557045824,-0.5819286760576036
189,0.3202101548318218,-0.5547570052632852,-0.5128538117604012,-0.5715689718806624
190,0.19212259951657384,-0.5601674645271097,-0.5912993510390407,-0.5474179353118336
191,0.06137909227205357,-0.5489521327552367,-0.6590268503224604,-0.5104583954931047
192,-0.06901764003173505,-0.5212025913340421,-0.7142507186139863,-0.46198521092187605
193,-0.1960899860784287,-0.4774477076471899,-0.7554627041092443,-0.403569704663464
194,-0.3169573016918043,-0.41864187700429756,-0.7814706573063734,-0.33701729850515505
195,-0.4289052198618942,-0.34614242114044846,-0.7914297033417832,-0.2643194304824867
196,-0.5294507128987455,-0.2616766964131447,-0.7848650335106393,-0.1876009817075991
197,-0.6164013072251637,-0.16729972357083378,-0.7616857324837485,-0.10906454912082364
198,-0.6879069978296712,-0.06534338954105298,-0.7221892789686335,-0.030932977920337598
199,-0.7425035919377209,0.04164151588182749,-0.6670565879857315,0.044608390908871344
200,-0.7791464254665723,0.1509489845973774,-0.5973376968131056,0.11546829737073702
201,-0.7972336359677505,0.2597856071774325,-0.514428428179864,0.17970353437117043
202,-0.7966184360414696,0.3653408280807217,-0.4200385877013897,0.23556895283113016
203,-0.7776101051403997,0.4648578818484274,-0.31615246229105437,0.28156223939696357
204,-0.7409636984372435,0.555703633820158,-0.20498257713449225,0.3164623390366953
205,-0.6878587520156372,0.6354355740721299,-0.08891783602492798,0.3393605559221031
206,-0.6198675370660014,0.7018642822006064,0.029532690731574385,0.34968355128731776
207,-0.5389136752175819,0.7531097915530116,0.1477989584935015,0.34720766177993834
208,-0.44722216615467575,0.7876504317965505,0.26331067402411773,0.33206418104876895
209,-0.3472620913004808,0.8043629145775655,0.37355806991604534,0.30473547545125157
210,-0.24168343831654637,0.8025526438444335,0.4761512412350014,0.26604203609988003
211,-0.13324963596116046,0.7819734747889093,0.568876593145422,0.21712079820697755
212,-0.024767493881410793,0.7428364072730915,0.6497490194499111,0.15939527910298412
213,0.08098369542139833,0.685806974530761,0.7170585373183711,0.09453829287487925
214,0.1813221164595476,0.6119913690154988,0.7694102403834862,0.024428187124584028
215,0.273730702072574,0.522911627511365,0.8057565974349612,-0.04890028881615166
216,0.3559200351080209,0.4204704700416367,0.8254213130531584,-0.12330923886420936
217,0.4258853106524164,0.30690664491725256,0.8281141749827485,-0.19661364822607627
218,0.48195593941699577,0.18474186903162582,0.8139365356778419,-0.266638763453736
219,0.5228365586913125,0.05672066232775019,0.7833773067177838,-0.3312773681984865
220,0.5476384338203122,-0.07425544699719766,0.7372995789510153,-0.38854549961714413
221,0.5559004750164228,-0.20519772895967597,0.676918212453824,-0.43663518817730146
222,0.5475993554368438,-0.3331023514512131,0.6037689629484271,-0.4739628769882806
223,0.5231484903067891,-0.4550229963863885,0.5196699196825703,-0.49921228392978545
224,0.48338591660451535,-0.5681422015230383,0.426676218758864,-0.5113706080941737
225,0.4295513914503215,-0.6698396675169545,0.3270291608275469,-0.5097571479560621
226,0.36325329789465455,-0.757755843888865,0.22310099883199405,-0.4940435880983513
227,0.2864262025183518,-0.8298492236004502,0.11733676673656149,-0.46426541953117134
228,0.20128014374973194,-0.8844459309815074,0.01219459126919109,-0.42082418044371284
229,0.11024293720940773,-0.9202803779706432,-0.08991403607141468,-0.36448043409077896
230,0.015896959531302907,-0.9365259843011058,-0.18668255101864373,-0.2963376326956673
231,-0.07908798939925034,-0.9328152028966408,-0.2759647350315176,-0.21781724494784246
232,-0.1720240474623103,-0.9092483562322786,-0.3558258966727551,-0.1306257441724757
233,-0.2602751204247763,-0.8663910661858434,-0.4245885600235263,-0.03671425906067413
234,-0.34132541515373005,-0.805260342074567,-0.48087154318388653,0.06176812614957705
235,-0.4128449423035319,-0.7272996721216785,-0.5236214764630511,0.1625262745919745
236,-0.47275033070240696,-0.6343437355527295,-0.5521359999086695,0.26317482324612756
237,-0.5192594130626794,-0.5285736091197036,-0.5660780886058215,0.3612965531088748
238,-0.5509381986609503,-0.4124635767121657,-0.5654811764773736,0.45450185719290664
239,-0.566739039382311,-0.2887208580016031,-0.5507449795840944,0.5404878304437143
240,-0.566029016232125,-0.16021974662682165,-0.5226221524063677,0.6170955123708657
241,-0.5486078185759835,-0.029931785928576815,-0.4821961394866685,0.6823638564963586
242,-0.5147146518479168,0.09914629273056125,-0.4308508044123895,0.7345790795741883
243,-0.465023984686019,0.2240650898750447,-0.3702326229454776,0.7723181559907396
244,-0.40063022653477814,0.34199372693048896,-0.3022064120523697,0.794485366033457
245,-0.3230217046952618,0.4502879497305835,-0.22880572704716723,0.8003409772675716
246,-0.23404457865936895,0.5465534699904795,-0.15217919103767558,0.7895213318566163
247,-0.13585758261033015,0.6287029879253343,-0.07453412107504151,0.7620498244974578
248,-0.030878717879730275,0.6950054975219123,0.0019211186345373388,0.718338480453059
249,0.07827477985645653,0.7441266689705309,0.07503457602606813,0.6591800753707846
250,0.18885170386536929,0.7751593256154472,0.14276652909906676,0.5857309723990675
251,0.2980357426133936,0.787643279924402,0.20324225157800507,0.499485081747502
252,0.40301622932534037,0.7815740582471019,0.25480039376143265,0.40223956756460544
253,0.5010590059368262,0.7574003209143629,0.2960357577312652,0.2960531313681638
254,0.5895756274388622,0.7160100656240406,0.32583538838434206,0.18319788517217717
255,0.6661891718232226,0.6587059810538777,0.3434070710395859,0.06610598633518289
256,0.7287950033884023,0.5871705872839926,0.3482995184214949,-0.052687663945395535
257,0.7756149610181416,0.503422053186309,0.34041373981074785,-0.17060525888308808
258,0.805243605127453,0.40976181213108986,0.32000530782535574,-0.28508699844781793
259,0.8166853532581795,0.30871530041755746,0.2876774680728766,-0.3936515863359871
260,0.809381559918481,0.20296731270573787,0.2443652680416604,-0.4939548321576187
261,0.7832268455855973,0.09529360118758054,0.1913111082881291,-0.583844926133905
262,0.7385742466235355,-0.011509562999658593,0.1300323355511932,-0.6614130357765357
263,0.6762290355643585,-0.11469609881882382,0.06228169845891621,-0.7250379896339998
264,0.5974313428468396,-0.21163932290912355,-0.009998333048841235,-0.7734239593644855
265,0.5038279896844498,-0.2998979234008366,-0.0847262280973132,-0.8056302244968161
266,0.39743421030380316,-0.3772770505684303,-0.15973575220071728,-0.821092299965994
267,0.2805861936620515,-0.4418829989838411,-0.2328326444755223,-0.8196339199922268
268,0.1558856036380879,-0.49217011794961835,-0.3018521780108156,-0.8014695978051678
269,0.02613743689050735,-0.526978783101912,-0.3647161430228496,-0.7671977134818366
270,-0.10571725590918557,-0.5455634872656214,-0.41948780541852587,-0.7177843159827039
271,-0.23667213108233148,-0.5476103572820559,-0.46442344271624036,-0.654538054525446
272,-0.3637280531769393,-0.5332436693933831,-0.49801914370257455,-0.5790768730399688
273,-0.4839655500384822,-0.5030212122082564,-0.519051675642235,-0.4932873041722026
274,-0.594615435305784,-0.45791862637762976,-0.5266123703836902,-0.39927738111670147
275,-0.6931258562702559,-0.39930312687549974,-0.5201331546385709,-0.2993243419483333
276,-0.777224112663591,-0.3288972802880448,-0.49940404572304553,-0.19581842821572198
277,-0.8449717206697704,-0.24873375910503812,-0.4645816472447782,-0.09120417420914889
278,-0.8948113630977119,-0.161102221440523,-0.41618840427995407,0.012079356814451658
279,-0.9256045670595505,-0.06848966222722166,-0.3551026088930373,0.1116579095445655
280,-0.9366591796969019,0.02648425420903114,-0.2825393786314105,0.20527947995621526
281,-0.9277459647846195,0.12113524427759258,-0.20002305708780532,0.2908684480188713
282,-0.8991039121461236,0.21278411702670966,-0.10935170110623585,0.366575067578074
283,-0.8514341310442857,0.2988263850122717,-0.012554518324191993,0.43081909913907734
284,-0.7858824811235428,0.37680001361296916,0.08815670348567531,0.482326519315403
285,-0.7040113730491886,0.4444495946852147,0.19044098183823935,0.5201584151371867
286,-0.6077614387920321,0.49978531982562957,0.29188502391987703,0.5437313678789598
287,-0.49940402188192257,0.5411352586152944,0.3900622044416264,0.5528288446505439
288,-0.38148566467820216,0.5671896148102014,0.4825921767162977,0.547603341360064
289,-0.25676596714374145,0.5770358343309994,0.5671996382848887,0.5285692521743576
290,-0.1281503548575103,0.5701836680755253,0.6417707907944847,0.4965866724881531
291,0.0013805809956733972,0.5465795443053271,0.7044060885789907,0.45283656888103013
292,0.1288434252592569,0.5066098733538502,0.7534679601732749,0.39878796493899515
293,0.2513241754187761,0.4510931849739501,0.787622309587029,0.33615799077356956
294,0.36604859070909895,0.3812612788495505,0.8058727565431996,0.2668658216245524
295,0.47044891967274705,0.29872984463803753,0.8075867532712866,0.1929816826593098
296,0.5622253636371451,0.20545927249065976,0.79251291541327,0.11667221920339678
297,0.6394007658618074,0.10370662170284692,0.7607891211853142,0.0401436211171463
298,0.7003671858556427,-0.004030062196459738,0.7129411607625218,-0.03441605535105273
299,0.7439232213387035,-0.11507369856841589,0.6498719512563944,-0.104893906500995
300,0.7693011714547926,-0.22663484906622913,0.5728415658343455,-0.16930709742791886
301,0.7761833883643727,-0.3358814592215369,0.4834385526908699,-0.22585428654460787
302,0.7647074339360835,-0.44000992340530143,0.3835432350726136,-0.2729622585959192
303,0.7354599371881674,-0.5363156970647455,0.27528388202571136,-0.30932658820409187
304,0.6894593294532614,-0.6222616891761632,0.16098681603697435,-0.33394530731208877
305,0.6281279109403908,-0.6955427210131293,0.043121673890768764,-0.3461447269339394
306,0.5532539675514647,-0.7541444333045388,-0.07575684287495693,-0.3455967619378927
307,0.466944903870752,-0.7963951602716963,-0.19306930454373805,-0.33232732221101824
308,0.3715725810327165,-0.8210094625047404,-0.30627250171098963,-0.30671555910656756
309,0.2697122411411797,-0.8271222168562891,-0.4129195153552251,-0.26948398690859016
310,0.16407655826138418,-0.8143123953677349,-0.5107174398442181,-0.22167972938121294
311,0.05744647580094389,-0.7826159208837472,-0.5975813482866559,-0.16464736553385492
312,-0.0473994316360802,-0.7325272580913185,-0.671683182620447,-0.09999406091692153
313,-0.14775529903134385,-0.6649896784923806,-0.7314943764215689,-0.029547865750007868
314,-0.24105625098586192,-0.58137441931635,-0.7758211734982428,0.044689765909267154
315,-0.32494291118315816,-0.48344923258966216,-0.8038317860477127,0.1205960352566492
316,-0.39732052772485454,-0.3733370846211018,-0.8150747380028426,0.19598211899215634
317,-0.45641123732831196,-0.25346601145536696,-0.8094879571638955,0.26865035023980954
318,-0.5007981647792846,-0.12651135627763582,-0.7873984083776173,0.33645181136514785
319,-0.5294602599477652,0.004668195176424028,-0.7495122937065338,0.3973428779689008
320,-0.5417970079470653,0.13709921017893356,-0.6968960784178462,0.449439278027344
321,-0.5376424028072959,0.2677650485058992,-0.6309488279263369,0.49106629088200704
322,-0.5172678449706426,0.3936785847007842,-0.5533665549273191,0.5208038060491543
323,-0.481373901246662,0.5119543215157489,-0.4660994725373304,0.5375250892566212
324,-0.43107114563110077,0.6198781170079741,-0.3713032234426179,0.5404282595498384
325,-0.3678505735973192,0.7149728059813539,-0.271285302519099,0.5290596628437988
326,-0.2935443442601301,0.7950580973822154,-0.16844800747882913,0.5033285294082535
327,-0.21027784764321106,0.8583032703777557,-0.06522933592089086,0.46351252041849833
328,-0.12041431208402215,0.9032713696620596,0.03595670434585846,0.41025399645431826
329,-0.0264933541386696,0.9289538106286906,0.1327788928715768,0.3445470729997811
330,0.06883497447863321,0.9347945421974992,0.22304524801421668,0.2677157587901146
331,0.16287897517625116,0.9207031733905249,0.3047557392349466,0.1813836965041427
332,0.252975186822745,0.887056742793839,0.3761499627957057,0.08743623622257624
333,0.33655759914019284,0.8346900910293071,0.4357486112094092,-0.012024235008853412
334,0.4112244445926817,0.7648750783044451,0.48238772358835286,-0.1147286140832211
335,0.4748008785215065,0.679289164998474,0.5152448859035869,-0.2182958167741148
336,0.52539595995809,0.5799741362186802,0.5338567525554092,-0.32029057795711524
337,0.5614524880315163,0.46928599478424166,0.5381274785018334,-0.4182828895183809
338,0.5817884276224251,0.3498372651127533,0.5283278790518341,-0.5099076050027531
339,0.5856288684371864,0.22443313757908234,0.5050853666114269,-0.5929227332835068
340,0.5726276987285404,0.09600303444084457,0.46936494437376014,-0.6652649735406362
341,0.5428784325510784,-0.032470709380827745,0.4224417604107288,-0.7251011098903879
342,0.496913901276258,-0.15802528729394627,0.36586593627566616,-0.7708739844924128
343,0.43569479931077193,-0.2777891941894425,0.30142057680989975,-0.8013419003900369
344,0.3605873535880316,-0.3890515603850296,0.23107403755823927,-0.815610466436575
345,0.27333065944641366,-0.48932733724195765,0.15692766881018788,-0.8131560824319537
346,0.17599448514552876,-0.5764167300389157,0.08116036724393269,-0.7938404684307999
347,0.07092858701005242,-0.648457418215147,0.005971344673592394,-0.7579158629751024
348,-0.03929520896588011,-0.7039682838340019,-0.06647743346104089,-0.7060207452678534
349,-0.15194672062466427,-0.74188358155508,-0.13411768053400935,-0.6391661703176975
350,-0.26420533305633387,-0.7615767222330884,-0.19502866268702573,-0.5587130380327663
351,-0.3732304394333871,-0.7628731015249968,-0.2474871506372341,-0.46634084135903664
352,-0.47623264170778334,-0.7460516781162387,-0.2900121856175336,-0.36400864927266763
353,-0.5705439323665386,-0.7118352865568901,-0.32140352734002386,-0.25390927250808887
354,-0.6536851015894418,-0.6613699502400607,-0.34077281185639396,-0.13841772855725626
355,-0.7234286811304227,-0.5961937337636513,-0.34756663153222045,-0.020035263517061253
356,-0.7778558454023639,-0.5181959339733225,-0.34158095343579453,0.09866970171632505
357,-0.8154058388805812,-0.4295676489097874,-0.3229665111536375,0.21512225733944357
358,-0.8349166833635467,-0.33274497770402944,-0.29222503290615004,0.3268018387294648
359,-0.8356561342589811,-0.23034628685674174,-0.2501964001411773,0.4313017212613959
360,-0.8173420965380354,-0.12510512476764846,-0.19803705973807606,0.5263857216471368
361,-0.7801519723121952,-0.01980047320755475,-0.13719023382579454,0.6100407208547431
362,-0.7247206866341213,0.08281391099791198,-0.06934867847324906,0.6805237272158898
363,-0.6521274192675651,0.180079290073187,0.0035890690432161254,0.7364023335850874
364,-0.5638713508118018,0.2694991248012026,0.07956784977516443,0.7765875860115283
365,-0.461837004713269,0.34880195640331724,0.15642920757079098,0.8003584692532912
366,-0.3482500255461357,0.41599841715108715,0.23196753046798507,0.8073774219307185
367,-0.22562447204456892,0.4694309447554768,0.3039875886404785,0.7976965160216869
368,-0.09670291478829168,0.5078149598279316,0.3703620117628963,0.7717541662273977
369,0.03560919209124053,0.5302704809065515,0.4290872484319364,0.7303624687447006
370,0.1683132527802838,0.536343392301558,0.478336586606813,0.6746855003528055
371,0.29838966978538906,0.5260158403133003,0.516508886020237,0.6062091317086835
372,0.42287060616020067,0.49970550670205016,0.5422717793778058,0.5267031178071531
373,0.5389115776663814,0.45825378780597137,0.5545982362779355,0.43817641850744926
374,0.643860110698978,0.402903186422307,0.552795548733987,0.34282686814387425
375,0.735319773737045,0.33526449451871937,0.5365259858569068,0.2429864514055886
376,0.8112080040368018,0.2572746012521659,0.5058185729574416,0.14106354946783664
377,0.8698063044394259,0.17114599623155366,0.46107167187295595,0.03948359314468888
378,0.909801573710849,0.07930924658142685,0.40304626918804626,-0.05937040317821096
379,0.9303175530821597,-0.01565009706981707,0.3328501114640262,-0.15321595278335265
380,0.9309356161630569,-0.11105857045615587,0.25191305581692447,-0.23992641537838116
381,0.9117043930783488,-0.20422414604967118,0.16195422446171864,-0.31758215785986654
382,0.8731379959704229,-0.29250611095588686,0.06494175766832228,-0.38451629764831563
383,0.816202895048214,-0.3733837056164427,-0.036953854193372326,-0.4393539064982841
384,0.7422937751308151,-0.444521787155429,-0.14141171686483742,-0.4810437178464355
385,0.6531989751499617,-0.5038318552655607,-0.24601648034578855,-0.5088815696023706
386,0.5510563705638666,-0.5495268942561038,-0.34831691065045095,-0.5225250220852089
387,0.43830079469405736,-0.5801686393897085,-0.44588563906748496,-0.5219988123670741
388,0.3176043037600717,-0.594706065063711,-0.5363786109735889,-0.5076910360638228
389,0.19181076666752184,-0.5925041120152443,-0.6175927611585798,-0.4803401798725237
390,0.06386640002611849,-0.573361915064766,-0.6875204841793996,-0.44101335709328937
391,-0.06325203202287943,-0.5375200558585019,-0.7443995454595638,-0.3910763182736066
392,-0.18660957725892258,-0.4856566400590857,-0.7867571897866932,-0.3321560144882356
393,-0.303384226032281,-0.4188722785967742,-0.8134473457929496,-0.26609667649246765
394,-0.4109350573066406,-0.33866433093085113,-0.8236799944151625,-0.19491053443000123
395,-0.5068657201941196,-0.2468910378270842,-0.8170419620226972,-0.12072443591443277
396,-0.5890816887108647,-0.14572642519409623,-0.793508610091055,-0.045723721819949714
397,-0.6558398838869757,-0.03760709268774172,-0.7534461177426801,0.02790521351253769
398,-0.7057894486382782,0.07482779471999448,-0.6976042856009469,0.09803221939448194
399,-0.738002682169872,0.1888018223199434,-0.6271000234396203,0.1626390900145845
400,-0.7519953866064779,0.3014703239114433,-0.5433919142440261,0.21987225804433413
401,-0.7477361428948658,0.4099913441141689,-0.4482464678104303,0.2680911457986633
402,-0.7256443092030157,0.5115967948662253,-0.3436968824162884,0.30591094949545994
403,-0.6865768161618097,0.6036620290902137,-0.2319953182891788,0.33223877322747997
404,-0.6318041123476952,0.6837720917078128,-0.11555984698246935,0.34630219749150903
405,-0.5629758834327713,0.7497829888130053,0.0030826276561561894,0.3476695582970315
406,-0.4820774227030566,0.7998764378828219,0.1213560817319354,0.3362614222097713
407,-0.3913777628314029,0.8326067223868259,0.23669625661553007,0.3123529649315673
408,-0.2933708831068174,0.8469384690695856,0.34661122837124864,0.27656719061047397
409,-0.19071147768135516,0.8422743906793004,0.44874018042609365,0.22985916026463094
410,-0.08614690453789056,0.818472285420117,0.5409089433506717,0.17349162469979007
411,0.017552971526017078,0.7758508507313977,0.6211809459244121,0.10900267441870802
412,0.1176662778796269,0.7151841465186053,0.6879023355147097,0.03816622082174634
413,0.21158820438332782,0.6376848247671069,0.7397401703786594,-0.03705369557451722
414,0.29689691209470975,0.5449765215470117,0.7757127581975314,-0.114553617667541
415,0.3714146283666514,0.4390560768123154,0.795211409707108,-0.19214512515562654
416,0.4332623985898645,0.3222465004019083,0.7980130888493155,-0.26761165328148434
417,0.48090712527839397,0.19714183295822657,0.7842836661561922,-0.3387662402822008
418,0.5131997198247137,0.06654525235343539,0.7545717144820526,-0.4035087417450469
419,0.5294034161879327,-0.06659805537992414,0.7097930199454192,-0.4598810615636656
420,0.5292115434193747,-0.1992716108764862,0.6512062102180292,-0.5061189970588388
421,0.5127543190782126,-0.3284602024741934,0.5803801214059516,-0.5406993788918801
422,0.4805945016139166,-0.4512225072688901,0.49915372826487414,-0.5623813025979123
423,0.4337120197887235,-0.5647619836969021,0.40958964532463554,-0.5702403950128099
424,0.3734779741805572,-0.6664942892587739,0.31392236413124497,-0.5636952319167494
425,0.30161867281946303,-0.7541095624648658,0.21450252033966422,-0.5425252185600234
426,0.22017061339259553,-0.8256280347926714,0.11373858062716677,-0.5068794575040865
427,0.1314275519435819,-0.879447603249455,0.014037400968911345,-0.4572763530983659
428,0.03788099690362026,-0.9143821929353377,-0.08225486678637978,-0.3945939333115877
429,-0.05784436735091081,-0.9296899668582004,-0.17291005449168018,-0.3200511017707157
430,-0.15305869555109095,-0.9250906914964422,-0.2558720257446002,-0.23518025993731692
431,-0.24507671655178442,-0.9007718349900063,-0.3293061578413725,-0.14179195569810138
432,-0.331287425938421,-0.857383253689448,-0.39164303937642864,-0.04193241485992455
433,-0.40922197428044915,-0.7960206051712988,-0.441615311757655,0.06216500888709414
434,-0.47661803366661587,-0.7181979047131022,-0.4782867560116767,0.1681332765198372
435,-0.5314790127786615,-0.6258099106786414,-0.501072921592029,0.27352868573413136
436,-0.5721266192398256,-0.5210852756166251,-0.509752806586341,0.37589006806525893
437,-0.5972454341092889,-0.40653162787863123,-0.5044713234281658,0.4727987000919001
438,-0.6059183630372151,-0.28487394754572254,-0.4857325153364915,0.561937447487617
439,-0.5976520567660033,-0.15898776547734053,-0.4543837204565397,0.6411476772600574
440,-0.5723916446642192,-0.031828841264231744,-0.41159110727004794,0.7084825265301748
441,-0.530524392545196,0.09363893836974424,-0.35880722062308773,0.7622552043536841
442,-0.47287217346853627,0.2145156567322158,-0.29773137729872345,0.8010811241988517
443,-0.40067292062186166,0.3280356778365281,-0.23026392845990404,0.8239128157741521
444,-0.3155515077250891,0.43163443475759716,-0.15845555905531122,0.8300667422011223
445,-0.2194807677863599,0.5230100492055809,-0.08445291760944992,0.8192413476559526
446,-0.1147336088328863,0.6001782661099294,-0.010441960636031616,0.7915258766152501
447,-0.0038274092463341236,0.6615193548951689,0.06140954803775689,0.7473997333738749
448,0.11053793005386323,0.705815830453873,0.12900892285919846,0.687722383904163
449,0.2255467389847425,0.7322800765516088,0.19039338362798736,0.6137140355976897
450,0.33833747756839977,0.7405712067982781,0.2437814336114844,0.5269275581712568
451,0.4460740407075381,0.7308007670894316,0.28761948609244165,0.4292123253685323
452,0.5460166907347853,0.703527161854981,0.32062255726475086,0.322670856670248
453,0.6355908469872126,0.6597389676051362,0.341807993561666,0.20960931607813454
454,0.712452012816377,0.6008275741241214,0.35052137755402957,0.09248307674185313
455,0.7745452145247878,0.5285498593288113,0.346453954083057,-0.02616131801836924
456,0.820157461392055,0.44498185166038934,0.329651132344359,-0.14374637790191236
457,0.8479619078814141,0.35246455773885277,0.3005118448572861,-0.2577245999522233
458,0.8570526040294744,0.2535433273057015,0.25977877499587865,-0.36563862373482214
459,0.8469689528263681,0.15090228737561595,0.20851969524631886,-0.4651791367928925
460,0.8177092483020313,0.04729549903552131,0.14810038281919216,-0.5542391159248037
461,0.7697329387040228,-0.05452342954800969,0.0801497920597131,-0.630963080962096
462,0.7039515388494036,-0.15187150360825663,0.006518358935352547,-0.6937901616051614
463,0.6217083974934264,-0.24220451297710194,-0.07076951317152055,-0.7414899314118494
464,0.5247478023675484,-0.3231815028471413,-0.1495675894383243,-0.7731901424083851
465,0.4151741705045082,-0.3927239273244022,-0.22766324667168847,-0.7883956945390425
466,0.2954023179890902,-0.44906800378078293,-0.30283482396720357,-0.7869983912942697
467,0.1681000252094011,-0.4908089578149448,-0.3729094316722563,-0.7692772609554225
468,0.0361243055027658,-0.5169360531451439,-0.4358197558928246,-0.7358894562936593
469,-0.0975470579853649,-0.5268575328651839,-0.4896584189763887,-0.6878519784569634
470,-0.22988702429679675,-0.5204148523883948,-0.5327285156971597,-0.6265146973827735
471,-0.35789209621877877,-0.49788585373156957,-0.5635890388015982,-0.5535253557523823
472,-0.47865461941712284,-0.4599768088143817,-0.5810940338116172,-0.47078744092439084
473,-0.5894327989431393,-0.4078035392174826,-0.5844244783931736,-0.38041198454651737
474,-0.6877167088954224,-0.3428620943574755,-0.5731120623110774,-0.28466449830002033
475,-0.7712886698070494,-0.2669897324352024,-0.5470542455068835,-0.18590837279246497
476,-0.8382765074726266,-0.1823171922337929,-0.506520189134477,-0.08654615204997715
477,-0.8871983829680022,-0.09121346279041848,-0.45214738204949784,0.011039853736573901
478,-0.9169980921733999,0.003775553335866544,-0.3849290175969434,0.10454614081453734
479,-0.9270699689987427,0.0999929337469501,-0.30619240677824827,0.19180431646000687
480,-0.9172727838638106,0.19473952247055645,-0.21756893823398174,0.27083374141049044
481,-0.8879323014020011,0.28534387121467975,-0.12095630734790658,0.3398892098904117
482,-0.8398324420606855,0.36923156832306775,-0.018473930870307964,0.39750249319253145
483,-0.7741952742805992,0.4439922027226716,0.08758736507897419,0.4425167281375695
484,-0.6926503402380686,0.5074422686521867,0.1948201512238899,0.4741128123456623
485,-0.5971940818563657,0.5576824179225386,0.3007583491531428,0.4918271695936285
486,-0.49014037837936364,0.5931476073701794,0.4029369061338538,0.49556046556241984
487,-0.374063426171803,0.6126488665087476,0.49895171852470294,0.48557708157141366
488,-0.25173438011602445,0.6154056197397577,0.5865183229906015,0.4624953857679131
489,-0.1260533293283952,0.6010677336243981,0.6635279029261235,0.4272690718965146
490,2.1705885157374816e-05,0.5697267167516086,0.728099221828417,0.38116005945159104
491,0.12354699670507074,0.5219157712463174,0.7786251942411269,0.3257036601306529
492,0.2416647605339612,0.4585986741650348,0.8138129358758293,0.26266690878621035
493,0.35167247624024495,0.3811477469519285,0.8327162943653936,0.1940011276948977
494,0.45108814842104616,0.29131144478299387,0.8347600468509977,0.12178993666899976
495,0.5377099117914611,0.191172358172268,0.8197551556697698,0.048194034743999276
496,0.6096685093625673,0.08309666013843728,0.7879046937018463,-0.024605840933628526
497,0.6654713570174609,-0.030323752490232114,0.7398002809851683,-0.09446632880825487
498,0.7040371179604835,-0.14633499080715734,0.6764091082987805,-0.15933777081976996
499,0.7247199480310967,-0.26208919716534657,0.5990518557357276,-0.21731802455066943
