,0,1,2,3
0,-0.12283443528858468,0.0,0.9924271769290351,0.0
1,-0.047128357162651166,-0.09028163122800643,0.9947962674561512,0.002920833660012827
2,0.023350669642898544,-0.18393583419978793,0.982641836437757,0.006113624676801058
3,0.08739921105841514,-0.2792012864023432,0.9561896358499785,0.010459439312317138
4,0.14402549471150833,-0.3742221170674925,0.9159324499738042,0.016799138537865504
5,0.19246883241581214,-0.46708962980639984,0.8626192698954462,0.02590408232039734
6,0.23221287641896965,-0.5558858594846909,0.7972388510317823,0.03844874062590714
7,0.262992428937314,-0.6387279125545284,0.7209980441185267,0.05498596568802715
8,0.28479368837476904,-0.7138120156773834,0.6352954138381145,0.07592561157307183
9,0.29784798193465195,-0.7794561996331817,0.5416907704106714,0.1015171008389529
10,0.30261919891471584,-0.8341405742089932,0.4418713353090165,0.1318364363092901
11,0.2997852977046709,-0.876544204324523,0.33761534045070296,0.166778041233151
12,0.29021440840880314,-0.905577676770061,0.2307539188670872,0.20605168627106443
13,0.2749361883709539,-0.9204105486815366,0.12313218253574046,0.2491846299910759
14,0.25510920630445055,-0.9204929907696845,0.016570398891498375,0.29552896420346164
15,0.23198522927185816,-0.9055710773666181,-0.08717382885268299,0.3442740199316657
16,0.20687136296551664,-0.8756953281359671,-0.18644150084755717,0.3944635575402883
17,0.18109104771834839,-0.8312222690516053,-0.2797054521698079,0.44501733887058237
18,0.15594493914271457,-0.7728089489743922,-0.3656001194656987,0.49475656335973667
19,0.13267270261125624,-0.7014005186856522,-0.44294717330113,0.5424325469898188
20,0.11241672497223595,-0.6182111473626553,-0.5107764508603507,0.5867579351568836
21,0.09618869560344566,-0.5246987130551706,-0.5683417411041136,0.6264396704193469
22,0.08483993346280969,-0.4225338547540336,-0.6151311024859968,0.6602128853870437
23,0.0790362391060114,-0.31356411040314097,-0.6508715286445341,0.6868748610736832
24,0.07923793318544312,-0.19977398431865248,-0.675527916773043,0.7053181826624225
25,0.08568560869013685,-0.08324188600299401,-0.689296433159684,0.714562238095047
26,0.09839197652428437,0.03390504215422288,-0.6925925072213232,0.7137822399114778
27,0.11714002668032131,0.14953714017194564,-0.6860338158391338,0.7023350065201983
28,0.14148756421242467,0.2615683961543457,-0.6704187407179933,0.6797808142339542
29,0.17077801457255698,0.36800147195595123,-0.6467008898554274,0.6459007241342177
30,0.20415723078955827,0.4669705273247624,-0.6159603673564209,0.6007088958659721
31,0.24059587954462586,0.55678083582909,-0.5793725514887478,0.5444595211593108
32,0.27891683835036113,0.6359442652582035,-0.5381751972003749,0.4776481402540785
33,0.31782690543784736,0.703209797165024,-0.49363471496226513,0.40100724125014403
34,0.35595201090337625,0.7575883822579682,-0.44701249192157944,0.31549618233452104
35,0.3918750250310929,0.7983715674199439,-0.3995321136559842,0.2222856163810057
36,0.42417518984684244,0.8251434827862902,-0.3523483155596045,0.12273673311611191
37,0.45146815465872914,0.8377859397666575,-0.306518442854526,0.018375762525053244
38,0.4724455767733797,0.8364765591245715,-0.262977128716972,-0.08913569876409357
39,0.48591325527102375,0.8216800180686962,-0.22251481282865204,-0.1980338716744528
40,0.49082679854679745,0.7941326725609364,-0.1857606200461182,-0.3064887342784518
41,0.48632388449446995,0.7548209715756389,-0.153170003443439,-0.4126418910931782
42,0.47175225430071877,0.7049542298890011,-0.1250174306637477,-0.5146454958066085
43,0.44669268481114965,0.6459324614450513,-0.10139426049557182,-0.6107013218638885
44,0.41097630775114535,0.5793100931017001,-0.08221182121750463,-0.6990990680510433
45,0.36469578367653377,0.5067564757182819,-0.06720956695773729,-0.7782530011477624
46,0.308209990921987,0.43001418373058464,-0.05596805651631048,-0.8467360745451766
47,0.24214205121606472,0.3508561437705348,-0.04792637412973216,-0.9033107195611725
48,0.16737068001864577,0.2710426563434328,-0.042403496677637556,-0.9469555836373219
49,0.08501501685783416,0.19227937154149735,-0.03862300974379443,-0.9768875847847589
50,-0.0035867451775625373,0.11617725037404102,-0.035740488327022535,-0.9925787622394029
51,-0.0969044551953609,0.04421548831425394,-0.03287278903883563,-0.9937675265861884
52,-0.19324820483152763,-0.02229170148062949,-0.029128451065528218,-0.9804640455993343
53,-0.2908048823953135,-0.08222364910522391,-0.02363837426553832,-0.9529496414632574
54,-0.3876782182467659,-0.1346764576864053,-0.01558593525010546,-0.9117702174695304
55,-0.48193136808638243,-0.17898036407293122,-0.004235716349525777,-0.8577238742379248
56,-0.5716310134742991,-0.2147108429275778,0.011039942352198517,-0.7918430135049079
57,-0.6548919166263286,-0.24169322640897312,0.03073730211063257,-0.7153713581801233
58,-0.7299208504494217,-0.2600007765748338,0.05520115537600386,-0.6297364374917734
59,-0.7950588353225315,-0.26994631369154215,0.08460889441667319,-0.5365181926882959
60,-0.8488206510817431,-0.2720676666316335,0.11895918033303007,-0.43741444933298385
61,-0.8899306551554298,-0.26710736739561136,0.1580655556229814,-0.33420407451617173
62,-0.9173540243059537,-0.255987156605286,0.20155521591005218,-0.22870868956439855
63,-0.9303226458605359,-0.23977799695989535,0.24887302302388442,-0.122753839792917
64,-0.9283550120015905,-0.21966640387165062,0.2992907056998519,-0.018130531798807137
65,-0.9112696145019836,-0.19691799400345256,0.3519210591748992,0.08344196445601178
66,-0.8791914936971884,-0.17283922093940615,0.4057368243163845,0.18035118660331026
67,-0.8325517606334436,-0.1487383110274258,0.45959380393999016,0.2711236177075543
68,-0.7720800811491634,-0.12588643046261633,0.5122576617737656,0.35445316033596963
69,-0.6987902809484474,-0.10548010649727815,0.5624337509633728,0.42922530932202063
70,-0.6139593973094167,-0.08860589149367758,0.6087992366056585,0.4945364940592712
71,-0.519100661825321,-0.07620819925660567,0.6500367126589538,0.5497081820876604
72,-0.4159310455848881,-0.06906116020194697,0.6848684693693825,0.5942954661898924
73,-0.30633412983213415,-0.06774523753494496,0.7120905442363158,0.6280899939503505
74,-0.19231917815683475,-0.07262922336726091,0.7306056881538444,0.6511172383399136
75,-0.07597737786803072,-0.08385809470832736,0.7394543988029237,0.6636282469087598
76,0.04056371386258825,-0.10134705803260954,0.7378432151789195,0.6660861421469781
77,0.155186440903865,-0.1247819514663918,0.7251695293350757,0.6591477731675763
78,0.2658289417153573,-0.15362600958404143,0.7010422525064139,0.6436410359249246
79,0.37052958169968425,-0.18713283149377252,0.6652977707792459,0.6205384828185487
80,0.46746887756433264,-0.22436523247400794,0.6180107379920652,0.5909279302014153
81,0.5550079295202645,-0.26421950694410645,0.5594993778314845,0.5559808418695971
82,0.631722463770483,-0.3054544898706241,0.4903251000618459,0.5169193163685873
83,0.6964316962169064,-0.34672467838106125,0.41128637421794967,0.4749825347195881
84,0.7482213559421056,-0.38661656855639176,0.32340694447521123,0.4313935322823523
85,0.7864603506340349,-0.42368727681374246,0.22791860831478392,0.387327143808174
86,0.810810712153397,-0.4565044531522159,0.12623891557763678,0.34387993472036205
87,0.8212306250255285,-0.4836864564130503,0.01994427022448439,0.30204287524783574
88,0.8179705096936541,-0.5039417505688031,-0.089260968539355,0.2626774386972953
89,0.8015623017122389,-0.516106496223172,-0.19957868900246256,0.22649571282052688
90,0.7728022334987157,-0.5191793526325091,-0.30915375339398,0.19404500627921295
91,0.7327275827104321,-0.5123525716604073,-0.41611240331710475,0.1656973133576871
92,0.6825879968850092,-0.4950385545298051,-0.5186014553237707,0.14164387234758677
93,0.623812134088932,-0.4668911528386355,-0.6148273752225044,0.12189491967029484
94,0.5579704707616802,-0.42782112431916824,-0.7030943192988499,0.10628460619468225
95,0.486735217988888,-0.37800529804847105,-0.7818402524051533,0.09448090778374571
96,0.4118383538909007,-0.31788915967464926,-0.8496702963361003,0.08600023226655475
97,0.33502882106498405,-0.2481827308327049,-0.9053865260034667,0.08022630306577092
98,0.25802995309193744,-0.1698497842091178,-0.9480135141035829,0.07643278870003259
99,0.1824981826853958,-0.08409060250326592,-0.9768190252067467,0.07380905013145608
100,0.10998404646004799,0.007681348338078032,-0.9913293750405568,0.0714882969001436
101,0.0418964385105106,0.10386830782281181,-0.9913390973784024,0.06857738022945366
102,-0.020529021360223595,0.20272200690200334,-0.9769146962781546,0.06418740838650963
103,-0.07625674664473418,0.30238156182104,-0.9483924021275613,0.05746434763000634
104,-0.12447243860714062,0.4009145808568193,-0.9063699925923414,0.047618771632114774
105,-0.1645983462717049,0.4963605052922544,-0.851692880633758,0.033953943341077444
106,-0.19630219563278262,0.5867751463054265,-0.7854348078073861,0.015891455331969846
107,-0.2194996134613264,0.6702753452980615,-0.7088736087417185,-0.007006283279089899
108,-0.23435003668298712,0.745082677446183,-0.6234626289000795,-0.035017344863828015
109,-0.24124626367680543,0.8095651371588882,-0.5307984796128001,-0.06824590097312457
110,-0.24079796484164276,0.8622757892511111,-0.4325858994451577,-0.10661258368842194
111,-0.23380962236364258,0.901987439893649,-0.3306005571733948,-0.14984989276243427
112,-0.2212535094695883,0.9277224750937664,-0.2266506773773129,-0.19750282073350153
113,-0.2042384440556461,0.9387771292949252,-0.12253839383205414,-0.24893473345350192
114,-0.18397515732307393,0.9347395798504228,-0.020021737936258707,-0.303338407325906
115,-0.16173920229199268,0.9155014113524785,0.07922185066066204,-0.35975199044823764
116,-0.13883238770190637,0.8812621534393121,0.1736296457355413,-0.41707952618444666
117,-0.11654375833738873,0.8325267628268287,0.2617846051616914,-0.47411555771775027
118,-0.09611115236409973,0.7700960908001595,0.3424424883887348,-0.5295732238998572
119,-0.0786843496014459,0.6950505470496701,0.41455451657129916,-0.5821151629738648
120,-0.06529078222905826,0.608727335361638,0.47728508364361644,-0.6303864639019012
121,-0.05680471230721997,0.5126917922144623,0.5300241507130151,-0.6730488470509127
122,-0.05392069038828136,0.4087035019497509,0.5723940887399391,-0.7088152183874404
123,-0.05713199868604789,0.29867798836632675,0.604250872278439,-0.7364837251034997
124,-0.06671465355214452,0.18464488921313843,0.6256796666380976,-0.7549704462060242
125,-0.08271739863088141,0.0687036045074762,0.6369849887263441,-0.7633398789718234
126,-0.1049579656447912,-0.047022530199574475,0.638675754616775,-0.7608324306744754
127,-0.13302571819630096,-0.16043246002467332,0.6314456512754266,-0.7468881934762008
128,-0.16629062933285457,-0.2694929229417542,0.6161493827881559,-0.7211663671928734
129,-0.2039183800664161,-0.37228218333894014,0.5937754400851157,-0.6835597976704058
130,-0.2448912076920786,-0.46703095745047735,0.5654161251295087,-0.634204215234758
131,-0.2880339836130468,-0.5521595714372161,0.5322356238247,-0.5734818852293421
132,-0.33204486422050267,-0.6263104865383498,0.49543696496339484,-0.502019517892228
133,-0.3755297386425911,-0.6883754404167406,0.4562287243700266,-0.4206804244147607
134,-0.41703959690292647,-0.7375165867171015,0.4157923334805965,-0.33055104651318395
135,-0.4551098637654215,-0.7731811626483714,0.3752508300154046,-0.23292212475821894
136,-0.4883006892880496,-0.7951093734195729,0.3356398457252676,-0.12926490282620728
137,-0.515237158262627,-0.8033353486574323,0.2978815635536972,-0.021202887484946975
138,-0.5346483780436123,-0.7981811953921022,0.2627622955785009,0.08952020554091142
139,-0.5454044278744109,-0.780244340617264,0.2309142358566024,0.2010755944128474
140,-0.5465502021542229,-0.7503785196455669,0.20280183128140516,0.31158685949284454
141,-0.5373352539567859,-0.7096689204555995,0.17871309160179244,0.4191687954568054
142,-0.5172388417038897,-0.6594021351618102,0.15875602994709048,0.5219667879590651
143,-0.4859894988299614,-0.6010316941615212,0.14286029084814153,0.6181957998394355
144,-0.44357858065694694,-0.5361400633649667,0.1307838872480009,0.7061780583349213
145,-0.39026739119901976,-0.4663980676268286,0.12212483478938822,0.7843785633278981
146,-0.3265876515460092,-0.39352276205663167,0.11633734412282572,0.8514375866517938
147,-0.25333523687959253,-0.31923480587934344,0.11275211332751948,0.9061994026760971
148,-0.17155727693795256,-0.24521640017415952,0.11060015577918386,0.9477365790961546
149,-0.08253288068008456,-0.17307083102291657,0.10903950663724905,0.9753692618941756
150,0.012252094131893963,-0.10428461389408732,0.1071840758913001,0.9886790072463718
151,0.11113565571287869,-0.040193164663159725,0.10413385951001244,0.9875168428169608
152,0.2123149703965545,0.01804917066930234,0.09900568410646905,0.9720053782249726
153,0.31388550599286075,0.06949400937963861,0.09096364559262593,0.942534926126585
154,0.4138831011995427,0.11341816189397654,0.07924840892970801,0.8997537378506134
155,0.5103279595150892,0.14933675734650223,0.06320456413381928,0.8445525973644571
156,0.6012695142693284,0.1770099805537656,0.04230528247051759,0.7780441511056876
157,0.6848310854428206,0.19644329936336813,0.0161735850493928,0.7015374756155877
158,0.7592532495712754,0.20788122716969162,-0.015400377900927742,0.6165084969133762
159,0.8229348712509104,0.21179482966401297,-0.052446537096203776,0.5245669724195909
160,0.8744707979388686,0.20886334347779137,-0.09480698884066183,0.42742082561616046
161,0.9126852975984652,0.19995042330845872,-0.14213321452856342,0.32683868359505164
162,0.9366604193774122,0.18607566965423816,-0.1938885632723017,0.22461150675480362
163,0.9457585784671688,0.16838220803435938,-0.24935599020252908,0.12251421722947407
164,0.939638804605923,0.14810118956296883,-0.30765090697051195,0.022268227792194964
165,0.918266245957551,0.1265141595054734,-0.3677388681113673,-0.07449425387114401
166,0.8819146825771049,0.10491429306121766,-0.4284576905595819,-0.16626331876495853
167,0.831161972358214,0.08456752477863237,-0.48854348694767913,-0.25168108951492957
168,0.7668785230919534,0.06667459905078837,-0.5466599893276091,-0.32956742061383754
169,0.6902090528409295,0.05233504404845059,-0.6014304512819445,-0.398940996654479
170,0.6025480630891885,0.04251402086893597,-0.6514713453077708,-0.4590353754776491
171,0.5055096010667741,0.03801292489629023,-0.6954270206922692,-0.5093096500766654
172,0.400892025520775,0.03944451927371166,-0.7320044562044095,-0.5494535374988534
173,0.2906386106137171,0.047213263434923436,-0.7600072326333414,-0.5793868415155476
174,0.17679492260980134,0.06150136577852437,-0.7783678628032681,-0.5992533750441835
175,0.06146398109909854,0.08226094217431638,-0.7861776509330566,-0.6094095647373959
176,-0.05323973118279533,0.10921250477978836,-0.7827133082915275,-0.6104080904170921
177,-0.1652363196358379,0.14184984258224945,-0.7674596267097658,-0.6029770328985198
178,-0.27252550032140865,0.17945119027970663,-0.7401276038447677,-0.5879951122320389
179,-0.37322953099010175,0.22109641972868818,-0.700667521893434,-0.5664636918142048
180,-0.4656330409586209,0.2656898323184872,-0.6492766020937685,-0.5394762998907106
181,-0.5482188279170028,0.31198798521531146,-0.5864009878578791,-0.5081864768349317
182,-0.6196987901841355,0.3586318531337561,-0.5127319465465155,-0.4737747928634304
183,-0.6790392835650443,0.40418251346111256,-0.4291963203336914,-0.43741589568710193
184,-0.7254803297951193,0.4471594490711514,-0.3369413968534709,-0.40024644067521903
185,-0.7585482551581009,0.48608049239934376,-0.2373145068990178,-0.3633347276557596
186,-0.7780614994700523,0.519502388123236,-0.13183778597363216,-0.32765281925574613
187,-0.7841295032206308,0.5460609312998503,-0.022178655761416272,-0.2940518469853946
188,-0.7771447500997661,0.5645096436116416,0.08988331237119618,-0.26324112486276074
189,-0.7577682092145349,0.5737559823609867,0.20249239955070347,-0.23577158847700758
190,-0.7269085818831406,0.5728941342723134,0.31375478288686287,-0.21202396260006223
191,-0.6856959080105071,0.5612335276142869,0.42177774376040994,-0.19220193570213553
192,-0.6354502229983225,0.5383222996437704,0.5247091334605023,-0.17633048817703767
193,-0.5776460745720068,0.5039650793461979,0.6207761798075253,-0.16425938607795482
194,-0.5138738069087162,0.45823458486177054,0.7083227317377649,-0.15567171712694694
195,-0.44579859462605276,0.40147668738731207,0.7858440741197457,-0.15009721411414204
196,-0.375118259713482,0.3343087549453,0.8520185014691426,-0.14692998588010275
197,-0.3035209291468873,0.257611256196115,0.905734915360968,-0.14545016104128083
198,-0.2326435891559282,0.17251277228458145,0.9461158043463319,-0.14484884738730705
199,-0.16403256400876928,0.08036872937479105,0.9725350747677272,-0.1442557230404427
200,-0.09910689349028111,-0.01726567807089429,0.9846303233468007,-0.14276850622401016
201,-0.03912550536705629,-0.11866775700436577,0.9823092747901491,-0.13948350059622378
202,0.01484102095315161,-0.2219840308742318,0.9657502466748545,-0.1335263838398754
203,0.06193342310511914,-0.3252705392432577,0.9353966461266356,-0.12408239930756719
204,0.10152091670242003,-0.42653576887936273,0.8919456448009776,-0.11042512421980624
205,0.13321215798999353,-0.5237851943451481,0.8363313169398597,-0.09194302286800501
206,0.15685977664195122,-0.6150663622567535,0.7697026564167688,-0.06816304861909574
207,0.17255841150711265,-0.698513435714876,0.6933970094906824,-0.03877063287232086
208,0.18063634775194484,-0.7723901244054416,0.6089095675135554,-0.003625490620535861
209,0.18164101660879384,-0.8351299613396711,0.517859655453823,0.03722722137590265
210,0.1763187747195021,-0.88537294831046,0.4219546255835785,0.08355073925513767
211,0.1655895249618647,-0.9219976774045394,0.3229522192536561,0.13491573726840378
212,0.1505168710257947,-0.9441481432480886,0.22262229206605655,0.1907046675177222
213,0.13227461060069506,-0.951254587448232,0.12270880819099894,0.2501213418352602
214,0.11211046402689331,-0.9430478598121016,0.024892997853103907,0.31220556788336845
215,0.09130800435208675,-0.919566936859256,-0.06924146153523897,0.3758525202536065
216,0.07114779919394308,-0.8811594030543215,-0.15824043460953574,0.439836403601836
217,0.0528687935375476,-0.8284748700119954,-0.2408077557214306,0.502837851809998
218,0.037630955131896855,-0.7624514794810631,-0.31582945482665153,0.5634744076858357
219,0.0264801706922711,-0.6842958029926163,-0.38239324846634026,0.6203333443352531
220,0.020316322516820723,-0.5954566105417359,-0.4398028824745476,0.6720060242056017
221,0.01986539286872925,-0.49759312862865,-0.48758704247474854,0.7171229465847915
222,0.025656339637468675,-0.3925385407695892,-0.5255026840924354,0.754388610239136
223,0.03800336399297232,-0.2822595979273076,-0.5535327737175855,0.7826153155437544
224,0.05699405208090144,-0.16881329939363376,-0.5718785691378916,0.8007550500221826
225,0.0824837217707555,-0.05430167419436013,-0.5809467039857754,0.8079286422392752
226,0.11409614586752817,0.05917426262347761,-0.5813314673552381,0.8034514305194465
227,0.1512306590551123,0.1695602864966879,-0.5737927869904245,0.7868547735145777
228,0.19307549129380086,0.274893389104278,-0.5592305282315068,0.7579028272689926
229,0.23862700959577784,0.37334380513807963,-0.5386558088667495,0.7166041257420332
230,0.28671439710952296,0.46325365276123553,-0.5131601000227162,0.6632176260008245
231,0.3360291571220363,0.5431712854365494,-0.4838829335213859,0.5982530124352059
232,0.38515870351077003,0.6118805597772419,-0.4519790655322271,0.5224651930963474
233,0.43262319154016166,0.6684243503406646,-0.4185859541626637,0.43684306219854024
234,0.47691465643505276,0.7121217847055322,-0.3847923947174876,0.34259274246957044
235,0.5165374640808572,0.7425788272033547,-0.35160912111698467,0.24111565593621406
236,0.5500490401199879,0.7596920034624897,-0.3199421263292163,0.13398189854666298
237,0.5760998316321803,0.7636452264020623,-0.29056938009009387,0.022899509618686982
238,0.5934714698495607,0.754899853304008,-0.26412153057400456,-0.09031967140903657
239,0.6011121426525301,0.7341782689072155,-0.2410670703838907,-0.20379678357771341
240,0.5981682509549049,0.7024414470157412,-0.2217023289636439,-0.3156245148845012
241,0.5840115119234867,0.6608610889987856,-0.20614652630821131,-0.4239065754140197
242,0.5582607821060701,0.610787068182823,-0.1943419898908048,-0.5267971597002317
243,0.5207980022470433,0.5537110212790404,-0.18605950141680533,-0.6225394828459784
244,0.47177780966673344,0.49122701889840403,-0.18090860578233608,-0.7095024951077594
245,0.4116305199986419,0.4249903146606654,-0.17835258486478975,-0.7862149215846284
246,0.34105834394632645,0.35667521476747566,-0.17772767679127788,-0.8513958363167742
247,0.26102487246563727,0.2879331261754719,-0.17826601021060096,-0.9039810619745917
248,0.17273803122338183,0.22035183131732577,-0.17912162565207435,-0.9431447854003789
249,0.07762686815827921,0.1554170009809957,-0.17939887476266936,-0.9683158931257395
250,-0.022687307591132015,0.09447689542716461,-0.1781824251371347,-0.9791886568363406
251,-0.12642477508132616,0.038711118685845675,-0.17456805520076346,-0.9757275335046893
252,-0.2316854528709906,-0.010895815601002334,-0.16769340127760832,-0.9581659852542777
253,-0.3364902588361227,-0.05357547372832039,-0.15676781815842072,-0.9269993665116683
254,-0.4388247998868957,-0.08879055466784559,-0.14110053521043828,-0.8829720671512383
255,-0.5366843517207485,-0.11624366666171917,-0.12012633184003343,-0.8270592366800409
256,-0.628119052983087,-0.13587964934170493,-0.09342801789506286,-0.7604435427082034
257,-0.7112782288645308,-0.14788142814687125,-0.06075508483525011,-0.684487533866934
258,-0.7844527765095225,-0.15265955285148747,-0.02203799020143723,-0.6007022801168339
259,-0.8461145882508357,-0.15083573284295426,0.022602351345096326,-0.5107130495302842
260,-0.8949520575713434,-0.1432208343671897,0.07285017514125916,-0.41622284804401183
261,-0.9299008051539864,-0.13078794545532396,0.12819574632971914,-0.3189746957369996
262,-0.9501688761528487,-0.11464123913685671,0.18794155176691063,-0.22071353877603755
263,-0.9552557921139747,-0.09598147169846016,0.251213706802501,-0.12314869970019036
264,-0.9449649885423644,-0.07606903750605717,0.3169783449839675,-0.027917750146804837
265,-0.9194093283226173,-0.056185563148730945,0.3840626293463494,0.06344735003590289
266,-0.8790095481337421,-0.037595059856880164,0.4511799031492693,0.1495510640493279
267,-0.8244856655415678,-0.02150566339321966,0.5169583887819811,0.22916133623810947
268,-0.7568415444018687,-0.009032974664814022,0.5799727488464814,0.3012322901542191
269,-0.6773429813742348,-0.0011659725667070436,0.638777745564706,0.3649220709443424
270,-0.5874898326600184,0.0012635959005558722,0.6919431756376533,0.4196054593722373
271,-0.4889828436851184,-0.0023924672821640236,0.738089219042243,0.46488101640691654
272,-0.3836859718127734,-0.012577492066728951,0.775921323009352,0.5005726542938761
273,-0.27358510015765386,-0.029514196126628818,0.8042637470746853,0.526725668958821
274,-0.16074412652698516,-0.05319494927955258,0.8220909215777764,0.5435974060070785
275,-0.047259473328156866,-0.08337832600981669,0.8285558197035883,0.5516428650566055
276,0.0647858995540119,-0.1195920639728991,0.8230146109856566,0.5514956713862845
277,0.17336788726636032,-0.1611423815606814,0.8050469504863397,0.5439449568130895
278,0.2765649633387615,-0.20712944373702669,0.7744713605429213,0.529908790537973
279,0.3725992027263038,-0.25646860655175296,0.7313552785114632,0.5104048829846222
280,0.4598736419797169,-0.30791692101554236,0.6760194714985389,0.48651934937827
281,0.5370051060445271,-0.36010424015169634,0.6090366545107299,0.4593743634218717
282,0.6028517444247031,-0.4115681524963963,0.5312242884398702,0.4300955538788413
283,0.656534651028518,-0.46079186415394136,0.4436316753872441,0.39977999765058747
284,0.6974530886646311,-0.5062440723002857,0.3475216075295946,0.3694656420738436
285,0.7252929972255592,-0.5464198177927182,0.24434695861561648,0.34010294722956064
286,0.7400286301543665,-0.5798812747118541,0.13572273096551588,0.3125294771532279
287,0.7419173327264831,-0.6052974310256761,0.02339418246159969,0.2874480885667722
288,0.731487643800661,-0.6214816372608484,-0.09079824530349016,0.2654092691756239
289,0.7095210658337665,-0.6274260485708842,-0.2049563972144132,0.24679806715963518
290,0.6770280020745132,-0.6223320587359104,-0.31716341262293984,0.23182593204792726
291,0.6352185011410758,-0.6056359206279657,-0.4255233713921428,0.2205276577943602
292,0.5854685741594566,-0.5770288641701439,-0.5282006608295993,0.21276348484968988
293,0.5292829552171576,-0.5364711569328005,-0.6234581511729155,0.2082262827594678
294,0.46825525947899366,-0.4841997009287228,-0.7096932942625327,0.206453601735563
295,0.4040265528792649,-0.4207289182130305,-0.7854713085033789,0.20684425412803104
296,0.3382433814080893,-0.34684484361514545,-0.8495546819993371,0.2086789679968088
297,0.2725163158474194,-0.2635925112115482,-0.9009283131605446,0.21114454806089247
298,0.20838004923779102,-0.17225688780166376,-0.9388197119926311,0.2133608868996686
299,0.14725603988409836,-0.07433776752463425,-0.9627138031302831,0.21441009374451997
300,0.09041862349675897,0.028480807159561534,-0.9723620005823989,0.21336695145191595
301,0.03896542588990688,0.13436589537784938,-0.9677853609487393,0.2093298757412506
302,-0.006207205130725507,0.2413749553706971,-0.9492717631891725,0.20145153545202854
303,-0.04442316059963507,0.3474981658645884,-0.9173672054087121,0.18896829883262078
304,-0.07523948084491675,0.45070276955831673,-0.8728614490706822,0.17122769857964512
305,-0.09845292824663598,0.5489783835428346,-0.8167683751363374,0.14771315682602
306,-0.1141000976266729,0.6403821938964606,-0.7503015415681782,0.11806527932611635
307,-0.12245110500442422,0.7230829507073653,-0.6748455443712373,0.0820991140135553
308,-0.12399705946359207,0.79540270543285,-0.5919238821309689,0.03981687076463494
309,-0.11943168136440227,0.8558552842064496,-0.5031641044599757,-0.008584285955266377
310,-0.10962757912093013,0.9031805672013841,-0.41026108594103944,-0.06270963473302267
311,-0.09560783250239235,0.9363737435869192,-0.3149393075828781,-0.12196961598869663
312,-0.07851364950311389,0.9547088315386417,-0.21891504653507027,-0.18558786658714993
313,-0.059568963270866054,0.9577558902411585,-0.12385937142504731,-0.25261442839511805
314,-0.04004291289372637,0.945391502472004,-0.03136281531727929,-0.3219438553476118
315,-0.021211205084866253,0.917802268446734,0.05709744836835702,-0.3923378164320863
316,-0.0043173816410810514,0.8754812201448217,0.14018716839992973,-0.46245167445421625
317,0.009464980709472534,0.819217236171788,0.2167406433085655,-0.5308644154936514
318,0.01906813584966674,0.7500777061342726,0.2857818419494651,-0.5961112142608438
319,0.023563146896294823,0.6693848563485906,0.34654056006462525,-0.6567178484171236
320,0.022189099761736372,0.578686301456829,0.3984632817096576,-0.7112361221754299
321,0.0143777700688624,0.4797205254247472,0.4412185478823069,-0.7582794275322782
322,-0.00022692165347790172,0.3743781170236715,0.4746967724526933,-0.7965575611488279
323,-0.021755198030173374,0.2646596862632564,0.4990045841026223,-0.8249099265194166
324,-0.05010384049152162,0.15263146685478796,0.5144539089757115,-0.8423362844098391
325,-0.08493495969801716,0.040379663722130366,0.5215461387346684,-0.8480242688447914
326,-0.1256811847644712,-0.07003536747277953,0.520951849484936,-0.8413729598800866
327,-0.1715571702656484,-0.17662402052913112,0.5134866455594779,-0.8220118962245287
328,-0.22157715723147536,-0.27751035573783567,0.5000837957821163,-0.7898150182464404
329,-0.2745781679413033,-0.3709720222268918,0.48176440622807354,-0.7449091523847713
330,-0.32924826825122716,-0.45547625019149607,0.45960593080666096,-0.6876767785321833
331,-0.38415919912808827,-0.529711076465979,0.4347098578091097,-0.618752959361085
332,-0.43780256436174214,-0.592611086108624,0.4081694260171197,-0.539016451441229
333,-0.4886286669942442,-0.6433770892350145,0.3810382177140297,-0.4495751588780507
334,-0.5350870152462517,-0.6814893028467981,0.3543004481848887,-0.3517462276076733
335,-0.5756674714769261,-0.7067137681138385,0.32884372277800306,-0.2470312090226751
336,-0.6089409962108765,-0.7191019004812507,0.30543496459314295,-0.13708684204526322
337,-0.6335989440890306,-0.7189832389427264,0.2847001301130183,-0.02369211012814331
338,-0.6484898996751689,-0.7069516276529185,0.26710822880217316,0.09128767871044961
339,-0.6526530976457718,-0.6838452236094656,0.2529600484468905,0.20593896709861148
340,-0.645347552638027,-0.6507208744425506,0.2423818637109925,0.3183393032800332
341,-0.6260761269544269,-0.6088235466914768,0.23532427419641888,0.42659706776498674
342,-0.5946038868913817,-0.5595516039580816,0.23156618355610276,0.5288906530038734
343,-0.5509702376490768,-0.5044188330774537,0.2307237963304397,0.6235061891180951
344,-0.4954944791479589,-0.4450141925159009,0.232264377589197,0.7088729424208676
345,-0.42877458684774794,-0.382960308741627,0.2355243954966343,0.7835955683437759
346,-0.3516791888244884,-0.31987177207627593,0.23973155174945676,0.8464824751123494
347,-0.26533287875586276,-0.2573142829302398,0.24403010238855366,0.8965696472552793
348,-0.17109516990751333,-0.19676567241654302,0.24750878435945783,0.9331393865107676
349,-0.07053355358336635,-0.13957976884735443,0.24923059361024053,0.9557335492469158
350,0.03460872714623925,-0.08695400490388423,0.24826361024507584,0.9641609911547808
351,0.1424494449712439,-0.03990156129769991,0.2437120365862297,0.9584990684692297
352,0.2510078390155959,0.0007712759725915508,0.23474660570813088,0.9390891869224174
353,0.35824779679335356,0.034482003110784046,0.2206335313271444,0.9065265315523265
354,0.4621227450652489,0.060882637852292726,0.20076120454810784,0.8616442488927208
355,0.5606211817146517,0.07986407602946406,0.17466389803633886,0.80549248456803
356,0.6518117614414533,0.09155399463141038,0.14204181233759786,0.7393128006882329
357,0.7338868554418572,0.09630839591061663,0.10277689046368282,0.6645086057180907
358,0.805203539150061,0.09469704965377079,0.05694393321690764,0.5826123220434625
359,0.8643210217553738,0.0874832464816218,0.00481666638340425,0.49525009102647455
360,0.9100336151281763,0.07559842005709835,-0.05313146108952075,0.4041048701316363
361,0.9413984459384922,0.06011232671774782,-0.11623183471209014,0.31087881040790577
362,0.957757240530655,0.042199584027248424,-0.1836305377922524,0.21725581444268977
363,0.9587516544351993,0.02310346222377677,-0.254303334258461,0.12486516462197465
364,0.9443317737545757,0.004097892209996248,-0.3270754526829176,0.03524707944259835
365,0.9147575802274145,-0.013551301167921137,-0.4006457286315427,-0.050178997423691085
366,0.870593341502441,-0.0286249123959827,-0.47361454847691475,-0.13014264325326952
367,0.8126950588563541,-0.039987593737273786,-0.5445149373115125,-0.20354659589934493
368,0.7421912720620858,-0.04662283023696116,-0.6118460491464262,-0.26948625107687474
369,0.6604576812292191,-0.04766472063546369,-0.6741082513349954,-0.32726410006925943
370,0.569086194251417,-0.042425715216229024,-0.7298389488290323,-0.37639881903767847
371,0.469849142343551,-0.0304195649601208,-0.7776482686702697,-0.41662885610672984
372,0.3646595217402824,-0.011378858791359761,-0.8162537217296445,-0.44791050059052523
373,0.25552821411938176,0.01473333589847619,-0.8445129772766972,-0.4704105566561102
374,0.14451920939041413,0.04771806335349596,-0.8614539260881034,-0.48449387795342586
375,0.03370390041771848,0.08714147447080012,-0.8663012685491804,-0.49070614692885917
376,-0.07488446108509934,0.13234223670929235,-0.8584989441093479,-0.4897523995182777
377,-0.17929506530478628,0.18244520400373057,-0.8377278155896942,-0.4824718997835089
378,-0.27770155310741657,0.23638103053405746,-0.8039181338420227,-0.4698100572415868
379,-0.36844074346081007,0.2929112586040181,-0.7572564323874373,-0.4527881499651936
380,-0.45004717350553114,0.3506582688313894,-0.6981866348754133,-0.4324716672814516
381,-0.5212826507408178,0.4081393539364823,-0.6274052972294102,-0.40993811583385725
382,-0.5811601416830607,0.4638040688504529,-0.5458510477620836,-0.38624514119109427
383,-0.6289614625577287,0.5160739224079413,-0.4546884288670724,-0.3623998039211918
384,-0.6642483915786104,0.5633834117714017,-0.35528647966545707,-0.3393298144769612
385,-0.6868669853172141,0.6042213616062753,-0.24919252684904433,-0.31785747627276784
386,-0.6969450495143084,0.6371715169119309,-0.13810176776219896,-0.29867701239734645
387,-0.6948828832649323,0.6609513516890428,-0.023823332607458857,-0.2823358604026747
388,-0.6813375806311255,0.6744480950047858,0.09175640099696522,-0.2692204138623591
389,-0.6572013313091043,0.6767510405663992,0.20671240017889014,-0.25954657160155276
390,-0.6235743080966337,0.6671792940633459,0.31912058738606564,-0.25335532866176697
391,-0.5817328599592452,0.6453042221306191,0.4270975551906846,-0.2505135104024846
392,-0.5330938422468566,0.6109659951235161,0.5288394674198651,-0.25071961602612086
393,-0.47917600729134674,0.564283759811084,0.6226592472404846,-0.2535146036734312
394,-0.4215594469750712,0.505659134030959,0.7070211931675372,-0.25829731947717327
395,-0.3618441222392235,0.43577287944032206,0.7805722251291336,-0.26434415087565255
396,-0.30160853186232384,0.35557477667443144,0.8421690432100295,-0.27083237317479103
397,-0.2423695637985661,0.26626689530971137,0.8909005795306816,-0.2768665606354813
398,-0.18554453719642305,0.16928061484239057,0.9261052364997908,-0.28150735173847863
399,-0.132416382847594,0.06624790835994526,0.9473825296292404,-0.2838017948230752
400,-0.08410282580040032,-0.04103245617352802,0.9545988871523937,-0.2828144566322065
401,-0.041530328355821475,-0.15063301464888867,0.9478874985436886,-0.2776584535522739
402,-0.005413427330487872,-0.2605391147232256,0.927642246262846,-0.26752556410967265
403,0.02376004053193062,-0.3686928553025664,0.8945058961490542,-0.2517146016371243
404,0.04573748325050722,-0.4730384170910286,0.8493528584058465,-0.22965726746554269
405,0.06050368706775243,-0.5715677062696705,0.7932669597008954,-0.2009407665152231
406,0.06827652201429653,-0.6623652223572406,0.7275147844091994,-0.16532654723095164
407,0.06949636766916689,-0.743651077018128,0.6535152465834877,-0.1227646244383509
408,0.06480956791333528,-0.8138211326605,0.5728061413206365,-0.07340305448297495
409,0.05504637608334948,-0.8714832970944837,0.48700849269617863,-0.01759225418241342
410,0.041193992606501334,-0.9154891016553031,0.3977895637122034,0.04411601438437334
411,0.024365422401976256,-0.9449598028065693,0.3068254206015743,0.1109750356774548
412,0.00576498591616432,-0.9593063785608437,0.21576394873999805,0.18205481431148238
413,-0.013348597052745832,-0.9582429378593361,0.12618920026795497,0.2562588003077338
414,-0.03170056973969964,-0.9417932197263855,0.03958791479762484,0.33234530560481895
415,-0.04803892915382339,-0.910290025649533,-0.042681004711616274,0.40895312974169856
416,-0.061172616390460254,-0.8643675991269398,-0.11941335715698956,0.4846308024836735
417,-0.0700080929921532,-0.8049471364686974,-0.18958224120185502,0.5578687553782906
418,-0.0735833309114993,-0.7332157785450883,-0.2523558875272005,0.627133655240132
419,-0.07109830948400739,-0.6505995901624696,-0.30711034892779127,0.6909040723938435
420,-0.06194120180035191,-0.5587311782503854,-0.35343680241339365,0.7477066167088935
421,-0.04570954273909893,-0.4594127285057327,-0.3911433536443073,0.7961516560865687
422,-0.022225798922413498,-0.3545753494034679,-0.4202513722992185,0.8349677356271283
423,0.008453096228697277,-0.24623569986749608,-0.44098652388319204,0.8630338411837238
424,0.04603252492978063,-0.13645094026214072,-0.4537647956160229,0.8794086978246886
425,0.0899834058753596,-0.027273084171574133,-0.45917393810178564,0.8833563607711966
426,0.13955180935884648,0.07929616022522243,-0.4579508573823551,0.8743674420407992
427,0.19377475827750074,0.1813489857547277,-0.4509555909177061,0.8521754182328267
428,0.25150184728865654,0.2771124870804308,-0.4391425835645739,0.8167675811482275
429,0.3114221619823485,0.3649861019509405,-0.4235300437076919,0.7683903204009354
430,0.3720958422709789,0.4435746185339478,-0.4051682037648059,0.7075485627256356
431,0.4319895127514853,0.5117159862733467,-0.3851073322723212,0.6349993329879423
432,0.4895147006461044,0.5685032979601659,-0.36436634612781305,0.5517395435069342
433,0.5430682816731387,0.6133004561934755,-0.34390285132653153,0.458988257717935
434,0.5910739378900686,0.6457511944947937,-0.32458539923290297,0.3581638079991895
435,0.6320235806429864,0.6657812881157,-0.30716868415400533,0.2508562723579292
436,0.664517687069006,0.6735939579418363,-0.2922723283114316,0.1387959275343958
437,0.6873035202978841,0.6696586386618026,-0.2803638042827443,0.02381839414946113
438,0.6993102510912195,0.6546934453700266,-0.2717459350564968,-0.0921727296358973
439,0.699680071001698,0.629641826965066,-0.26654929081564316,-0.20724488786175144
440,0.6877944824691015,0.595644036270721,-0.2647296725126503,-0.3194763409574038
441,0.6632950672581123,0.5540041722441987,-0.26607073850321905,-0.4269957763250431
442,0.6260981684297139,0.5061536558511585,-0.2701916953639998,-0.5280208404161696
443,0.5764030693216493,0.4536120855675926,-0.27655984096131686,-0.6208947027242686
444,0.514693412126323,0.3979464789505727,-0.2845076202424761,-0.7041198090016845
445,0.4417317646556885,0.34072994183701266,-0.2932537353266872,-0.7763880483024299
446,0.3585474126549503,0.2835008156518573,-0.30192774430126607,-0.8366066445016587
447,0.2664176223799045,0.22772333585844762,-0.30959749040537765,-0.88391918563047
448,0.16684277992641458,0.17475079124799497,-0.3152986273715586,-0.9177213211657599
449,0.06151596597077373,0.12579210567250404,-0.31806544953364907,-0.9376707854541062
450,-0.04771233664493821,0.08188267272413438,-0.3169621983677251,-0.9436915415777196
451,-0.15887358312762406,0.0438601620770393,-0.3111140013696364,-0.9359719808405251
452,-0.269923633372934,0.012345886571897474,-0.2997366050158227,-0.9149572552010764
453,-0.3787873440892643,-0.012267825077505387,-0.28216409088724403,-0.8813359599150915
454,-0.4834042303506232,-0.029823960198297778,-0.2578738122012523,-0.8360215179395816
455,-0.5817741112553235,-0.04040073106356806,-0.22650785581105218,-0.7801287430023895
456,-0.6720016516963379,-0.04430509820374647,-0.18789042051869356,-0.7149461715876664
457,-0.7523387362702605,-0.042060109343154434,-0.14204060417392705,-0.641904852665265
458,-0.8212236614961598,-0.034386413618052045,-0.08918020696460767,-0.5625443653998132
459,-0.8773162075664601,-0.022178459815106518,-0.0297362836751161,-0.47847689734679366
460,-0.9195277489766064,-0.006476023346452355,0.03566168963882941,-0.39135025728333417
461,-0.9470456821708308,0.011568173872585361,0.1061900324615068,-0.30281071685240457
462,-0.959351584879892,0.030723886558332598,0.1808443208185973,-0.21446657317831708
463,-0.9562326727527034,0.049720870248230374,0.2584578188729306,-0.12785330064347403
464,-0.9377862804810797,0.06728751071847935,0.33772447949688733,-0.04440111475314844
465,-0.904417262904487,0.08218953429575486,0.4172259936891222,0.03459429436667649
466,-0.8568283824117194,0.09326777230173186,0.4954622626905741,0.10799718511667807
467,-0.796003918120156,0.09947397658609969,0.5708845758325939,0.17485277062700177
468,-0.7231868956407489,0.09990373237274253,0.6419307038315238,0.2344033483332747
469,-0.6398504897067592,0.09382558822970946,0.7070610633078721,0.28609921805086236
470,-0.5476642917774339,0.08070561903132682,0.7647950751549301,0.32960418624080207
471,-0.44845625748533813,0.06022675389954818,0.8137468278935375,0.3647955911605403
472,-0.3441712514633881,0.0323023343757643,0.8526591676718552,0.3917589215897202
473,-0.23682718714864182,-0.0029164848626707443,0.8804353688989279,0.41077723736243493
474,-0.1284698146599777,-0.04503972326138289,0.8961675928928217,0.42231572963655745
475,-0.02112723944123772,-0.09344401682565956,0.899161415107101,0.42700187945214474
476,0.08323474265175418,-0.14728441757557115,0.888955792709976,0.42560178167214424
477,0.18275543180415268,-0.20551228861695675,0.8653379513124313,0.4189932951634241
478,0.27571911991202874,-0.2668988764136329,0.8283527898666474,0.4081367567424284
479,0.3605911576048185,-0.33006399502378575,0.7783065332403022,0.3940440540873795
480,0.4360493521031794,-0.39350912413947353,0.7157644995190173,0.3777468900966227
481,0.5010099731867387,-0.45565410710421983,0.6415429903173321,0.36026508715274735
482,0.5546477798326751,-0.5148765396139912,0.5566954538169668,0.34257577407244
483,0.596409629486558,-0.5695528669616059,0.46249320841575114,0.3255842713658387
484,0.6260213917127019,-0.6181001593315315,0.36040114635775,0.31009744251838733
485,0.643488054160285,-0.6590175120467352,0.25204895828172436,0.29680021158658026
486,0.6490870772356745,-0.6909260214258068,0.13919852827173507,0.2862358621999231
487,0.6433552204016005,-0.7126063169823778,0.023708242036861248,0.2787906322643236
488,0.6270692234929829,-0.7230326863873646,-0.09250497401122809,0.274683004837499
489,0.6012208768660142,-0.7214029095756749,-0.20750500963179247,0.27395797169257446
490,0.5669871508549753,-0.7071630206616708,-0.3193764161768979,0.27648641515274824
491,0.5256961745204383,-0.6800263384236478,-0.4262638208862117,0.28196961919363817
492,0.47878995308596367,-0.6399862450194118,-0.5264100003928419,0.289948785988667
493,0.4277847903337439,-0.5873223448750319,-0.6181917358352071,0.2998193024384246
494,0.37423043468575534,-0.5225997975801211,-0.7001526252822501,0.3108493761204911
495,0.31966899446932945,-0.44666178611794854,-0.7710321024351997,0.3222025447001333
496,0.265594668331017,-0.3606152507019041,-0.8297900019653667,0.33296346008781935
497,0.2134153109555696,-0.2658101846902522,-0.8756261191319008,0.3421662611343739
498,0.16441680285896065,-0.16381294837719707,-0.9079943318548861,0.34882477865112577
499,0.11973111738661874,-0.05637420494914814,-0.9266109842281943,0.35196376582448763
