,0,1,2,3
0,0.29061044996092594,0.0,-0.9568414531015618,0.0
1,0.21603819224429444,0.07751676257942475,-0.9731215461486504,-0.018791153032274178
2,0.14337842996181396,0.15862870458296574,-0.9761834076527397,-0.03668125580593737
3,0.07389399998004814,0.24197170205470594,-0.9659426725855502,-0.05425979588960266
4,0.008709337645991216,0.3260717249495802,-0.942549873997446,-0.07211873996107095
5,-0.05121222869166181,0.4093762959390224,-0.9063876086325838,-0.09082873374095582
6,-0.10508669282145372,0.4902884280567703,-0.8580627566064574,-0.1109159593133371
7,-0.15232269215830707,0.5672022367435812,-0.7983939337295436,-0.13284030514338938
8,-0.19252965801161823,0.6385393751421514,-0.7283944667074324,-0.15697546957724212
9,-0.22552064924271584,0.7027854156882861,-0.6492512860555677,-0.18359156793322062
10,-0.2513098592220355,0.7585252968311955,-0.5623002265885698,-0.21284074775143658
11,-0.27010492101657996,0.8044769712484015,-0.4689983084698639,-0.24474623802222661
12,-0.28229426709242444,0.8395224308126854,-0.3708936410206504,-0.2791951682596886
13,-0.28842992421507546,0.8627353429020713,-0.26959364511543676,-0.3159353944057288
14,-0.289206238560774,0.8734046109927741,-0.16673232674659202,-0.3545764632512386
15,-0.28543512745879945,0.8710532679394279,-0.06393735335150716,-0.39459473801740763
16,-0.2780185401402888,0.85545222060019,0.03720231467043336,-0.4353425977223324
17,-0.26791887823529237,0.8266284868108246,0.13516750215260603,-0.4760615147644415
18,-0.2561281758426066,0.7848676971535233,0.22853790699767634,-0.5158987115409241
19,-0.24363686758809056,0.7307107712769265,0.31601854941556495,-0.5539270005307784
20,-0.23140298049420868,0.6649448183293554,0.39646300164150416,-0.5891673255746165
21,-0.2203225715468841,0.5885884499291041,0.46889289832905295,-0.6206134473032331
22,-0.21120219794248102,0.5028718285962086,0.5325133206961765,-0.6472581547340305
23,-0.20473415203198,0.409211901397584,0.586723749835292,-0.6681203395538365
24,-0.2014751193593903,0.30918338458810724,0.6311243938334938,-0.6822722407383044
25,-0.20182882779414701,0.20448616740586947,0.6655178067738483,-0.6888661557064816
26,-0.2060331508811502,0.09690988937886466,0.6899058324912015,-0.6871599205230058
27,-0.2141520118395684,-0.011703486599698498,0.7044820192961786,-0.6765404856435828
28,-0.2260723090918981,-0.11949823524010558,0.7096197609609866,-0.6565449548127147
29,-0.24150595298020516,-0.2246436668983198,0.705856521393924,-0.6268785119967571
30,-0.25999696975209663,-0.32537226073983333,0.6938745931080273,-0.5874287332944711
31,-0.2809334963595521,-0.4200162480099193,0.674478920545605,-0.5382758658629447
32,-0.3035643614686887,-0.507041798824019,0.6485725865836462,-0.47969875195127326
33,-0.327019827577808,-0.5850800248569866,0.6171306124898812,-0.41217618079189544
34,-0.35033595934351996,-0.65295408834739,0.5811727569857104,-0.3363835617846289
35,-0.37248198691139883,-0.7097018030089268,0.5417360180763682,-0.25318492639013046
36,-0.392389952691677,-0.7545932223986025,0.49984754154253996,-0.16362038060888276
37,-0.4089858676655605,-0.7871428333100703,0.45649862250837137,-0.06888924202227226
38,-0.4212215605563691,-0.8071161028237029,0.4126204518086427,0.029670797669877014
39,-0.4281063811627628,-0.814530264514509,0.36906220790320043,0.1306080445273634
40,-0.42873791842016684,-0.8096493686162011,0.3265720291662274,0.23238417969900993
41,-0.42233091438766246,-0.7929737592289774,0.28578132222069313,0.33340403686298803
42,-0.4082435968711324,-0.7652242755329582,0.24719277163266665,0.4320471124788818
43,-0.3860007147845328,-0.7273216001348084,0.21117231704224532,0.5267000955744946
44,-0.3553126401150175,-0.6803612930329888,0.17794525822330304,0.6157896749644465
45,-0.3160899965266285,-0.6255851514101455,0.14759653932445113,0.6978148708722016
46,-0.2684533848300048,-0.564349621063964,0.12007515342810032,0.7713781452099172
47,-0.21273789702594173,-0.49809205268853396,0.09520250037107364,0.8352145701199173
48,-0.14949224037612313,-0.4282956437896424,0.07268442724473007,0.8882183772103842
49,-0.07947242773117545,-0.35645393362732225,0.05212658476017596,0.9294662692068828
50,-0.0036301267901087675,-0.28403572361785817,0.03305264616318971,0.9582369500650553
51,0.07690410433476247,-0.2124512790232361,0.014924860804651795,0.9740264171509012
52,0.1608423382894782,-0.14302062997539355,-0.0028336462966090104,0.9765586577690457
53,0.24676507821090038,-0.07694473191880413,-0.0208154629827182,0.9657914997070158
54,0.3331507480379377,-0.015280168902777419,-0.039605029585661936,0.9419174789500323
55,0.418408189790557,0.04108201022727298,-0.05975500435971296,0.9053597045406022
56,0.5009114051703385,0.09143284042949518,-0.08176352359130779,0.8567628178622156
57,0.5790357184012018,0.1352570109144071,-0.10605300205296142,0.7969792585567448
58,0.6511944969403178,0.17223922248425297,-0.13295107946937157,0.7270511590394412
59,0.7158755475943143,0.20226523017691622,-0.16267426288564768,0.6481882914806707
60,0.7716763081964231,0.2254176050349574,-0.1953147446805681,0.5617425827004816
61,0.8173369793187046,0.24196638285861957,-0.2308307932267425,0.4691797914475897
62,0.8517707859538377,0.2523548971086509,-0.2690410199591958,0.37204900709473643
63,0.8740906246210816,0.2571812144598039,-0.3096227252356788,0.27195067732244926
64,0.8836314353502155,0.2571757018323215,-0.3521144184256127,0.17050390372294402
65,0.8799677384344736,0.25317535028925287,-0.395922497862802,0.06931375770011677
66,0.8629258902682154,0.2460955615733898,-0.4403319664283064,-0.030060635722943957
67,0.8325907381976932,0.2369001652683953,-0.4845209513878063,-0.126136521394409
68,0.7893064880346287,0.22657047706243066,-0.5275786954214703,-0.21753576029591776
69,0.733671736429721,0.21607423032367035,-0.5685265921493304,-0.30301027073896536
70,0.6665287602723848,0.20633521364286683,-0.6063417562687178,-0.3814641083321956
71,0.5889472932318095,0.1982044261711748,-0.6399825478205421,-0.4519717134138024
72,0.5022031520889906,0.19243352102948064,-0.6684154139136699,-0.5137919505584883
73,0.40775219936780965,0.18965124585716348,-0.6906423709279746,-0.5663776693466351
74,0.3072002409068771,0.19034351026641078,-0.705728426857356,-0.6093806262194913
75,0.20226955466280377,0.19483761459051993,-0.7128282376915802,-0.6426517211886252
76,0.09476282779741507,0.20329106528289645,-0.7112113037774531,-0.6662366175940487
77,-0.013474659009627604,0.21568528240285334,-0.7002850417072435,-0.6803669251811555
78,-0.12059371958435453,0.23182437685410107,-0.6796151137767655,-0.6854472337235095
79,-0.22477992209038844,0.25133904265887763,-0.6489424593344474,-0.6820383836217114
80,-0.3242913219460847,0.27369547590882304,-0.6081965489065286,-0.6708374489216375
81,-0.4174943927476168,0.2982091005189229,-0.557504470972828,-0.6526549848406143
82,-0.50289732500767,0.3240627548570796,-0.49719556050850344,-0.6283901543032041
83,-0.57917992753426,0.35032887592685213,-0.4278013854663959,-0.59900439466357
84,-0.6452194497992729,0.3759951120261943,-0.35005101961772417,-0.565494315619286
85,-0.7001117436088959,0.3999927033812473,-0.26486164482832947,-0.5288645316160885
86,-0.7431872963110141,0.4212268954932178,-0.17332464008872916,-0.4901011265577583
87,-0.7740217928367903,0.43860859375290484,-0.07668742560995054,-0.45014642556965756
88,-0.7924409969811529,0.45108643172076257,0.023668564711072523,-0.40987570855744204
89,-0.7985198801894902,0.4576784102878372,0.12625331277353286,-0.37007644441692134
90,-0.7925760653307964,0.45750227114581543,0.22949649265455097,-0.33143055444607733
91,-0.7751577900662721,0.4498037954871908,0.3317779666265184,-0.2945001306044913
92,-0.7470267260879584,0.43398226697926195,0.43145981628896307,-0.25971694089092795
93,-0.7091361134647101,0.40961240563999163,0.5269191834414322,-0.2273759526585847
94,-0.6626047805728921,0.376462164631685,0.6165811719171577,-0.19763299775098334
95,-0.6086877168814991,0.33450588307351214,0.6989510562479881,-0.1705065936455772
96,-0.5487439458431262,0.283932402253571,0.7726450559065497,-0.1458838251287528
97,-0.4842025063711495,0.22514787725888855,0.8364189646890786,-0.12353008418260808
98,-0.41652739238627867,0.1587731479376853,0.8891939728370891,-0.10310236445415895
99,-0.3471823197237395,0.0856356689765718,0.9300790835976298,-0.08416571347272177
100,-0.27759618786600004,0.006756135326076718,0.9583896045438254,-0.06621236304536987
101,-0.20913008060446797,-0.07666992716854917,0.9736612852140996,-0.048682988092006996
102,-0.14304660547247355,-0.16329520862202737,0.975659774263071,-0.030989488360169792
103,-0.08048230778650173,-0.2516477840541088,0.9643851788758261,-0.012538647401331704
104,-0.022423813029183975,-0.3401617832764185,0.9400716240107304,0.007244000087424846
105,0.030311746799070755,-0.42721084981506796,0.9031818263050779,0.028890767357417482
106,0.0770915788508755,-0.511143603494883,0.8543968143434505,0.05286954431719858
107,0.11747702542006858,-0.5903202669990035,0.794601040601464,0.07956329017674837
108,0.15122811844343703,-0.6631495829540206,0.7248632379696297,0.10925187897766964
109,0.17830283493614588,-0.728125135759363,0.6464134727143336,0.142096826222617
110,0.19885113094980178,-0.7838602018323245,0.5606169336406943,0.17812935024492324
111,0.21320396435831787,-0.8291202829887123,0.46894507195390467,0.21724213543592844
112,0.22185764370852312,-0.8628525295986075,0.3729447660663217,0.259185068160032
113,0.22545395833736326,-0.884211331703968,0.2742062289324195,0.303565112572195
114,0.22475665100114273,-0.8925794457280989,0.17433040138385741,0.3498503852331929
115,0.22062488573279382,-0.8875841295695927,0.0748965827849086,0.39737837714038154
116,0.21398443825722158,-0.8691078771866898,-0.02256896001826214,0.44536816235501114
117,0.2057973921942886,-0.8372934723456306,-0.11662269272490772,0.49293632659301684
118,0.1970311600779563,-0.7925432168759076,-0.20593115525785854,0.5391162496498194
119,0.18862766303837938,-0.7355123282155378,-0.2892953391689855,0.5828802848911098
120,0.18147349647965694,-0.6670966408143298,-0.3656715706958522,0.6231642995827928
121,0.17637188142431698,-0.5884148826559696,-0.4341884577769829,0.6588939735989794
122,0.17401715310321056,-0.5007859283986298,-0.49415955803828715,0.689012202753464
123,0.17497247107691954,-0.4057015512151043,-0.5450915313232719,0.7125069179920607
124,0.17965135039555982,-0.30479530337113986,-0.5866876520986762,0.7284386138988573
125,0.18830351319092867,-0.19980824826012478,-0.6188466712455036,0.735966879917522
126,0.20100544718766483,-0.092552341736241,-0.6416571305089583,0.734375245434536
127,0.21765593477903505,0.015127683687236798,-0.6553873434121279,0.7230936850345999
128,0.23797668664993638,0.12139304324672548,-0.6604713610058245,0.7017181820029531
129,0.26151808072793237,0.2244493310700029,-0.6574913368539816,0.6700268152817238
130,0.28766987387661236,0.3225837647614914,-0.6471567907814718,0.6279919159683038
131,0.31567662359300575,0.4142003804329415,-0.6302813430573195,0.5757879321069406
132,0.3446574333320825,0.49785236641698394,-0.6077575480972244,0.5137947427064645
133,0.37362952109395337,0.5722707948024264,-0.5805304980631887,0.4425962711115037
134,0.40153500947001874,0.6363890987331428,-0.5495708909385755,0.36297436137626915
135,0.4272702490362786,0.6893627479114023,-0.5158482642172093,0.27589799634033374
136,0.44971691800989566,0.7305836923493921,-0.4803050841615027,0.18250804984280034
137,0.46777409122002045,0.7596892722054644,-0.4438323519974392,0.0840978751196307
138,0.4803904419779769,0.7765654263609467,-0.40724734320033984,-0.01790986580939652
139,0.4865957321466664,0.7813441709047296,-0.3712740353769573,-0.12198963359548723
140,0.48553075885456776,0.7743954574744412,-0.33652670574438887,-0.22654212405177027
141,0.4764749605885418,0.756313657029782,-0.30349709276801806,-0.32992541400102116
142,0.45887094001364803,0.7278990437629533,-0.2725454203697735,-0.43048744039220666
143,0.432345234478138,0.690134773305858,-0.24389547971588205,-0.5265990769762858
144,0.39672475596092815,0.6441599562406847,-0.21763385558092235,-0.616687054906071
145,0.3520484279669922,0.5912395195433907,-0.1937132744156735,-0.6992659738691921
146,0.2985736649559071,0.5327316227541261,-0.1719599423172954,-0.7729686688028093
147,0.23677746737032443,0.4700534505771332,-0.15208463588197757,-0.8365742334514435
148,0.1673520390451899,0.4046462379492434,-0.13369721008656482,-0.8890330551537504
149,0.09119497039554002,0.33794039657825314,-0.11632409740765627,-0.9294882840022156
150,0.009394166893299187,0.2713216032713379,-0.09942829362833984,-0.9572932422475399
151,-0.07679216544773243,0.20609868031941572,-0.08243126020507197,-0.9720243745078864
152,-0.16596004086204424,0.14347404757906368,-0.06473612233658607,-0.9734894436886172
153,-0.2565881695271943,0.08451745601353819,-0.04575150728418234,-0.9617307889783442
154,-0.3470697353617851,0.030143625111751976,-0.024915349920903426,-0.9370235781448305
155,-0.4357467374711619,-0.018905695974563014,-0.0017179923883246656,-0.8998691037840497
156,-0.5209460890735926,-0.062074838946110766,0.024276077875580948,-0.850983289314027
157,-0.6010166196916321,-0.09900221882112223,0.05340847303753121,-0.7912806825208972
158,-0.6743660992444618,-0.1295230801353999,0.0859097033734039,-0.7218543196298968
159,-0.7394973971448424,-0.15366697339601215,0.12188503450904656,-0.6439519386305481
160,-0.7950429057705115,-0.17165008289463474,0.16130382972359614,-0.5589491046085902
161,-0.8397963953854002,-0.18386265804340962,0.203992713556914,-0.46831988009328357
162,-0.8727415258394017,-0.19085192463092995,0.2496327938748855,-0.37360572822482935
163,-0.8930763177749437,-0.19330096669168376,0.2977610739594376,-0.2763833745725882
164,-0.9002329807361785,-0.19200417117492885,0.3477760767758039,-0.17823237379531293
165,-0.8938926052051237,-0.18783991374846037,0.3989475930996768,-0.08070312957092077
166,-0.8739943474983966,-0.18174123272702974,0.45043035646375995,0.014713899674851483
167,-0.8407388676623763,-0.1746652875632659,0.5012813436701716,0.10661711030812182
168,-0.7945859177853374,-0.16756242735423085,0.5504803025659061,0.19372012978350736
169,-0.7362461181318835,-0.16134570268667792,0.5969530213716674,0.27487507714507575
170,-0.6666670977583127,-0.15686164068907035,0.6395967783305406,0.3490922050061195
171,-0.5870143113646609,-0.15486306873467925,0.6773073487480924,0.4155555119679949
172,-0.4986469717587436,-0.1559847177319702,0.7090069002325692,0.4736340156835415
173,-0.40308965431175237,-0.1607222627352277,0.7336720773317702,0.5228884850441681
174,-0.3020002332986265,-0.16941536856961698,0.7503615646056145,0.5630735425702504
175,-0.1971348974961898,-0.18223520357398587,0.7582424228390822,0.5941351622102763
176,-0.09031106171182934,-0.19917676807131043,0.7566145165120194,0.6162037005702199
177,0.016630959662094297,-0.22005625873040133,0.7449323912793229,0.6295827083054042
178,0.12186662263375111,-0.24451355875891861,0.7228240171252981,0.6347338703249905
179,0.22362526613115505,-0.27201981018879384,0.6901058846782936,0.632258516071561
180,0.3202267813917685,-0.30188989176603054,0.6467940271711305,0.6228762221699541
181,0.4101159894198908,-0.3332994975005932,0.5931106366412691,0.6074010972092356
182,0.4918939351624581,-0.3653063900261527,0.5294860478339858,0.5867163906911045
183,0.5643453836634585,-0.39687529263299537,0.45655597433014156,0.5617481039920607
184,0.626461897314944,-0.42690578697495535,0.375153995937499,0.5334382997048319
185,0.6774599820960394,-0.45426250248233074,0.2862994115386507,0.5027188065405388
186,0.7167939116795655,-0.47780682050892176,0.1911806845367471,0.4704860001257448
187,0.7441629684895463,-0.496429272825621,0.09113481598849374,0.4375773059990584
188,0.7595129769869166,-0.5090817913773054,-0.012376919212573334,0.40475002081204525
189,0.7630321432749507,-0.5148089648572503,-0.11779634762982039,0.37266298248808394
190,0.7551413531201285,-0.5127774777027508,-0.22349828087830179,0.3418615415824765
191,0.7364792142709138,-0.5023029481179583,-0.3278222409858183,0.3127661963415195
192,0.7078822552291695,-0.4828734427009797,-0.4291053135589783,0.28566515528012637
193,0.6703608082792124,-0.4541690247053838,-0.5257153844942537,0.2607109860122135
194,0.625071206768979,-0.41607678895013694,-0.6160840035776763,0.2379214002586042
195,0.5732850128657128,-0.3687009465386153,-0.6987381241572348,0.21718411519795272
196,0.5163560601742758,-0.3123676441310111,-0.7723299920334472,0.19826562341201653
197,0.45568614406162944,-0.24762433251933377,-0.8356644982345518,0.18082360035403888
198,0.3926902201204515,-0.17523363444968076,-0.8877233684280681,0.16442258216569072
199,0.32876197729437384,-0.09616179865740951,-0.9276856349672795,0.1485524602280948
200,0.26524063667892134,-0.011561962511556924,-0.9549439242017277,0.13264926425446147
201,0.20337979034696577,0.07724742387590276,-0.9691161895885965,0.11611764491342527
202,0.1443190376932103,0.16880853699440287,-0.9700526279412569,0.09835442146328477
203,0.08905910121900953,0.26155389672105533,-0.9578376292384694,0.07877253083988618
204,0.03844101132270966,0.3538391776868017,-0.9327867270344897,0.05682470282104732
205,-0.006870157126561444,0.44397835202945657,-0.8954386338113511,0.03202619159886273
206,-0.04639663216205803,0.530280338559207,-0.8465425607398648,0.003975917195035206
207,-0.07985413900031763,0.6110862917034735,-0.7870411314591269,-0.027624589918278417
208,-0.10715283692932617,0.6848066431366139,-0.7180493019644809,-0.06295499187737971
209,-0.1283930294032848,0.7499570102857489,-0.6408297910201128,-0.10206317487236412
210,-0.143855811606653,0.8051921089476739,-0.556765605445764,-0.1448559068453918
211,-0.15398894881461753,0.8493368515244365,-0.46733031023674365,-0.19109342589308392
212,-0.15938840009943267,0.8814138768310465,-0.37405674318562576,-0.24038816218934198
213,-0.1607760122689079,0.9006668404907291,-0.2785049063010527,-0.2922076889570076
214,-0.1589740056079038,0.9065788945922197,-0.18222978110358262,-0.34588188778811413
215,-0.15487695360461762,0.8988858991071178,-0.08674981150291874,-0.4006142032339205
216,-0.14942202136476543,0.8775840327691071,0.006483223444995689,-0.45549675385642724
217,-0.14355827028954002,0.8429316046322235,0.09611226346268653,-0.5095289645895447
218,-0.13821585875272938,0.795445006077138,0.18090031952811828,-0.5616392909072662
219,-0.13427596941599917,0.7358888832199327,0.25975256712063965,-0.6107095213478773
220,-0.13254227346154016,0.6652607480540735,0.33173470605608435,-0.6556010735516418
221,-0.13371470092502746,0.5847703798217012,0.39608720748651116,-0.6951826419763764
222,-0.13836622552876318,0.49581449279372725,0.4522351721695404,-0.7283585143467529
223,-0.14692329348920385,0.39994725977492585,0.49979363382588377,-0.7540968497586589
224,-0.15965043070600302,0.2988473794626402,0.538568254562617,-0.771457204866914
225,-0.17663945393909194,0.1942824578512313,0.5685514731262197,-0.7796166059605134
226,-0.1978035917994287,0.08807153717822327,0.5899142783353374,-0.7778934937550279
227,-0.2228766936490201,-0.017953351093105557,0.6029938866618169,-0.7657689137468842
228,-0.251417572057988,-0.12198571111202278,0.6082777019427051,-0.7429043868925954
229,-0.2828193906531352,-0.22228228737452485,0.606384024173804,-0.7091559717135022
230,-0.31632387740106765,-0.31719907348819043,0.5980400510710233,-0.6645841178354734
231,-0.35104001693896414,-0.4052247924402351,0.5840577787137818,-0.6094590102896035
232,-0.38596675770354893,-0.48501107936622123,0.5653084545858968,-0.5442612111969075
233,-0.4200191633073395,-0.5553986799418132,0.5426962665790059,-0.46967751810652236
234,-0.4520573455759408,-0.6154390761968023,0.5171319643184777,-0.3865920734844042
235,-0.4809174412400637,-0.6644110643249962,0.48950710424793953,-0.2960728748204318
236,-0.505443837405102,-0.7018319331342515,0.4606695874464163,-0.19935394669830953
237,-0.5245218140695022,-0.7274630240692304,0.4314011197730148,-0.09781354219063569
238,-0.5371097560999135,-0.7413095909673837,0.4023971686819064,0.007051161524830846
239,-0.5422700926398043,-0.7436150164793227,0.37424992136809665,0.11365232180141771
240,-0.5391981488351614,-0.7348495789667095,0.3474346665940956,0.22034201831206388
241,-0.5272481423776816,-0.7156940953047093,0.3222999297278196,0.3254444862072515
242,-0.5059556245435863,-0.6870188881168168,0.2990615895727166,0.42728926853559135
243,-0.47505575050543897,-0.6498586375290751,0.27780109907417516,0.524244536923129
244,-0.4344968646234472,-0.6053837748100107,0.2584678226608209,0.6147498226743537
245,-0.38444900069242954,-0.5548691558833454,0.24088539361297343,0.6973474118829278
246,-0.32530702190316896,-0.49966081470125556,0.22476188822954785,0.7707116875667946
247,-0.2576882574784641,-0.44114163835148984,0.20970351240383592,0.8336757485712112
248,-0.1824246292807071,-0.38069682655048176,0.195231403093182,0.88525469788782
249,-0.10054939876735416,-0.3196799973815563,0.18080106444852226,0.9246650705936358
250,-0.01327879907735234,-0.2593807788469621,0.16582388816395566,0.9513399619347396
251,0.07801105458850739,-0.20099468262405945,0.14969015170464295,0.9649395169654309
252,0.1718114639859169,-0.14559599348096947,0.13179284790157375,0.9653565521439729
253,0.26651203701175796,-0.09411432673673231,0.11155167599509509,0.9527171937219467
254,0.3604344558001753,-0.047315409019551835,0.08843651817291771,0.9273765348523735
255,0.4518683376725237,-0.005786526855312613,0.06198973715012855,0.8899094302253883
256,0.53910834719196,0.030073033883669914,0.03184665910450381,0.8410966608689303
257,0.6204916824130633,0.06005636384836058,-0.002246348403119866,0.7819068097518841
258,0.6944350446988923,0.08414806123089925,-0.040416733155814955,0.7134742883707419
259,0.7594702095828765,0.10251819248249905,-0.08265400465031911,0.6370740431704391
260,0.8142773459209336,0.11551128968239137,-0.12880173844268014,0.5540935462988269
261,0.857715281312635,0.12363071825260954,-0.17855361029508132,0.4660027359981123
262,0.8888479822509895,0.12751886661546058,-0.2314536280272037,0.3743226164400106
263,0.9069666059816082,0.12793371548834312,-0.28690062026102253,0.28059325396272566
264,0.9116065854562139,0.12572243614238218,-0.3441569304875328,0.18634191584474522
265,0.9025593265032611,0.12179274181947111,-0.4023611548801131,0.09305208877619717
266,0.8798782245263409,0.11708277273325976,-0.4605446558203849,0.002134087333643009
267,0.843878843536886,0.11253033126921502,-0.5176514828925967,-0.08510208125766963
268,0.7951332398065594,0.1090422992479057,-0.5725612416941508,-0.16747098984333655
269,0.734458552461323,0.10746506305231104,-0.6241143705385264,-0.24393266986379483
270,0.6629001204941499,0.10855674520863129,-0.6711392180539905,-0.31360965117233097
271,0.5817095165770443,0.11296199334785699,-0.7124802625413392,-0.37579981622082026
272,0.4923180094901928,0.12119001057349366,-0.7470267781100076,-0.4299848272385821
273,0.3963060759745227,0.1335964268154522,-0.7737412340230292,-0.47583399590649766
274,0.29536967668050085,0.15036951089854886,-0.7916867128762518,-0.5132035784608115
275,0.1912840873297215,0.17152111032234202,-0.8000526503014345,-0.5421315923222667
276,0.08586613335790685,0.1968825829876713,-0.7981782334558025,-0.5628283604222878
277,-0.019064287222744558,0.22610585541844785,-0.7855728468439851,-0.5756630936577539
278,-0.1217224930989449,0.2586696086947478,-0.7619330207954323,-0.5811469177695364
279,-0.22039622843108625,0.2938904597082206,-0.7271554185860359,-0.5799128360424617
280,-0.3134809272092717,0.3309388748556141,-0.6813454907929197,-0.572693191474694
281,-0.3995122189759492,0.3688594292068377,-0.6248215277507612,-0.5602952496972651
282,-0.4771949311372441,0.4065949096681641,-0.5581139504368329,-0.5435755655441563
283,-0.5454279305178669,0.44301365861863967,-0.48195979406681366,-0.5234138207875279
284,-0.6033242500621921,0.47693946752738237,-0.39729245433454907,-0.5006868275982727
285,-0.6502260630764553,0.5071832603843373,-0.30522688072927684,-0.47624338164669616
286,-0.6857141942485002,0.5325757561880421,-0.2070405118898908,-0.4508806207448244
287,-0.7096119907231989,0.5520002695448237,-0.10415035177757274,-0.4253225003087757
288,-0.7219835144302527,0.5644247994483766,0.0019133200025464037,-0.4002009368619326
289,-0.7231261552409294,0.568932568799086,0.1095360274667753,-0.37604009686859763
290,-0.7135578999487808,0.564750210923982,0.21705032158260365,-0.3532442222923044
291,-0.6939996211823142,0.551272853473079,0.3227684482819051,-0.3320892886200113
292,-0.6653528699808746,0.528085423287143,0.4250157246635401,-0.31271868813452963
293,-0.6286737629564453,0.49497958636545214,0.5221638674603858,-0.2951430235843005
294,-0.5851436470929493,0.45196584268531187,0.6126635165956593,-0.27924398784066096
295,-0.5360373000500873,0.39928041373175155,0.6950752136372084,-0.2647821964415347
296,-0.48268947952346974,0.33738668826440255,0.7680981297801078,-0.2514087348674327
297,-0.42646067042881175,0.2669711259149188,0.8305958898106539,-0.23868008365756221
298,-0.36870289259901634,0.18893365534280032,0.8816189060749318,-0.22607599456635408
299,-0.3107264240157275,0.10437274046998546,0.9204227181495439,-0.21301981217574587
300,-0.25376826558617904,0.014565421358267251,0.946481927700847,-0.1989006697266877
301,-0.19896312389978402,-0.07905723773068674,0.9594994216349647,-0.18309693709235783
302,-0.14731761954714373,-0.17493874479179858,0.959410687553562,-0.165000264089594
303,-0.09968834222722414,-0.2714291701003111,0.9463831410327135,-0.1440395446108409
304,-0.056764272211707295,-0.366819791893364,0.9208105015132545,-0.11970412682316421
305,-0.019053973364588028,-0.45937959071699375,0.8833023697693319,-0.09156561194899318
306,0.01312216126993776,-0.5473927359883578,0.8346692721738593,-0.059297618498086097
307,0.0396344611546503,-0.6291961797529441,0.7759035425709205,-0.02269293941239671
308,0.06054131128708863,-0.7032164656809243,0.7081565089279981,0.01832241484571713
309,0.07608138483428896,-0.7680048762549969,0.6327125367374618,0.06367871532538662
310,0.08666102443865464,-0.822270077524181,0.5509605523166279,0.11315589353885294
311,0.09283714535992427,-0.864907477869148,0.464363725007108,0.16638103877837856
312,0.0952961478998611,-0.8950245935684089,0.3744280264657425,0.22283014630009118
313,0.09482942814619716,-0.9119618077166185,0.2826704068525073,0.28183413901360543
314,0.09230616241855816,-0.9153080179387045,0.19058733127252922,0.34258907430782365
315,0.08864410973508798,-0.9049107897038124,0.0996244052840364,0.4041703382964863
316,0.08477922641697962,-0.880880762897855,0.011147786052712105,0.46555052485283904
317,0.08163491636356766,-0.8435901964538413,-0.07358197333551314,0.5256205989849856
318,0.08009174883168065,-0.793665675898888,-0.15343306353392427,0.583213855874189
319,0.08095846253921973,-0.7319751482169768,-0.22742203826704058,0.6371321105127925
320,0.08494504092095867,-0.6596095840200236,-0.29472949954336414,0.6861734903002152
321,0.09263858925870701,-0.5778596953365336,-0.35471153512234077,0.7291611558063673
322,0.10448267155935598,-0.48818825521689047,-0.4069067019155046,0.7649722444300541
323,0.12076067530541068,-0.39219866992473884,-0.45103846076142606,0.7925663186907504
324,0.14158366782232576,-0.29160054317157197,-0.48701308143386596,0.8110126057838554
325,0.16688309163279375,-0.18817304248713412,-0.5149131489940243,0.8195153377462041
326,0.19640852074035142,-0.08372692867830028,-0.5349869108876599,0.8174365416187159
327,0.22973056847331103,0.01993386082073456,-0.5476338058282307,0.8043156854219607
328,0.2662489036441015,0.12105017577609231,-0.5533866079812471,0.7798856572343776
329,0.3052051987250367,0.21794427900106317,-0.5528907009908213,0.7440846394596479
330,0.3457007048769472,0.3090542843697333,-0.5468810639760482,0.6970635364331694
331,0.38671802725723,0.3929656130878548,-0.5361576041215401,0.6391887185076178
332,0.4271465631593633,0.46843874948407727,-0.5215595066243358,0.5710399571069593
333,0.4658109680154787,0.5344326701048709,-0.5039392916817982,0.49340354021866206
334,0.5015019326133987,0.5901234274549364,-0.4841372694890618,0.4072606735808646
335,0.5330084911308984,0.6349174896426089,-0.46295706788096097,0.31377138656568604
336,0.5591510354158489,0.6684595664834356,-0.4411428737657407,0.21425427065957015
337,0.5788141874960822,0.6906347880745283,-0.41935897975030056,0.11016247980728561
338,0.5909786802226906,0.7015652401157343,-0.3981721626514918,0.003056513214588358
339,0.5947514153364101,0.7016009978972033,-0.3780373426020179,-0.10542561976762699
340,0.5893929086621528,0.6913059344895907,-0.3592868822020857,-0.21360018828583757
341,0.5743413926178847,0.6714387049632917,-0.34212378693065915,-0.31977076886293426
342,0.5492329253036533,0.6429294243117938,-0.32661896332784945,-0.4222617694169588
343,0.5139169511800498,0.6068526593118533,-0.31271258296933035,-0.519451689407768
344,0.4684668683989393,0.5643974413044177,-0.3002194907437594,-0.609805361438449
345,0.4131852794975219,0.5168350757068743,-0.28883848820881114,-0.6919044421413065
346,0.348603732401918,0.4654855733010601,-0.2781652195875681,-0.7644754603097699
347,0.2754768942804111,0.411683556804317,-0.2677082919062349,-0.8264147870284102
348,0.19477123837438107,0.3567445032654071,-0.25690817431681257,-0.8768099646224566
349,0.10764846009593676,0.30193216831025094,-0.24515834700125075,-0.9149569168403814
350,0.015443970025974127,0.24842800261067602,-0.2318281091254061,-0.940372659708927
351,-0.08035906530005148,0.19730331510563864,-0.21628640966328183,-0.9528032385898951
352,-0.17815955184701077,0.14949486291538278,-0.19792603572075182,-0.9522267295300273
353,-0.27627148469272367,0.10578445646871157,-0.17618748101351908,-0.9388512592788112
354,-0.37295939003920914,0.0667830624434585,-0.1505818227214345,-0.913108115514339
355,-0.46647536667711564,0.03291976939328847,-0.12071195793355763,-0.8756401340039124
356,-0.5550968578615513,0.00443585438444391,-0.08629159075661975,-0.8272856598254386
357,-0.6371642626541383,-0.01861594320370516,-0.04716141689948691,-0.7690584826988622
358,-0.7111174956537729,-0.03636696901066991,-0.003302022780606817,-0.7021242394232229
359,-0.7755306257170967,-0.049123183793262686,0.04515690081996737,-0.6277738571310494
360,-0.8291437672588219,-0.05735096678733615,0.09793133690656507,-0.547394677610315
361,-0.8708914609916846,-0.06165860397129257,0.15458191660673054,-0.46243995370888225
362,-0.8999268629855429,-0.06277398324096306,0.21451718640287704,-0.37439744262328056
363,-0.9156411596966512,-0.06151911532861253,0.2770011542257441,-0.2847578369003444
364,-0.9176777397297418,-0.058782180140650966,0.34116498940655315,-0.19498377190332378
365,-0.9059407777782003,-0.05548786101751647,0.40602264307554703,-0.10648012841973112
366,-0.8805980193848366,-0.05256677265927978,0.470490052494464,-0.020566311566512896
367,-0.8420776936107021,-0.050924811027806674,0.5334074976374898,0.06154886683908983
368,-0.7910596209924124,-0.05141325486930748,0.5935645935132251,0.1387891443397687
369,-0.7284607228660283,-0.0548004285709431,0.6497273294194004,0.21022912661065724
370,-0.6554152718308145,-0.06174569538012861,0.700666508403124,0.2751085868436953
371,-0.5732503485378954,-0.0727764896045649,0.745186898166708,0.33284246613481033
372,-0.48345708403889565,-0.08826901780202727,0.7821563796236551,0.3830264040544549
373,-0.38765836682278,-0.1084331641463566,0.8105343719593516,0.4254377409421552
374,-0.28757377695914293,-0.1333020265139212,0.8293988236343387,0.4600320465866545
375,-0.1849825744191948,-0.1627263901159253,0.8379710870870679,0.4869353410127507
376,-0.08168561308881356,-0.19637431772857425,0.8356380403057008,0.5064322793276409
377,0.020532924852073864,-0.23373590297325764,0.8219708798780728,0.5189506713462864
378,0.11994307817703334,-0.2741330990223144,0.7967400861253506,0.5250427955689012
379,0.21490506398318834,-0.31673440294382194,0.7599261496454379,0.5253640438317595
380,0.3039028094806161,-0.3605740489954746,0.7117257478827,0.5206494957085871
381,0.38557428653818426,-0.40457524574917525,0.6525531677814213,0.5116890689725518
382,0.45873795804065814,-0.44757688498016285,0.5830368835453166,0.4993019229984104
383,0.5224147424863396,-0.4883630575079963,0.5040113142453742,0.4843108051726942
384,0.5758450148524571,-0.5256946349985735,0.4165039016536938,0.46751702590444566
385,0.6185002847970947,-0.5583421190806626,0.3217177613860326,0.449676725854466
386,0.6500893246877474,-0.5851189214884507,0.22101026743731889,0.43147906012981463
387,0.6705586564835265,-0.6049142223056214,0.11586802885139427,0.4135268694504486
388,0.6800874447606439,-0.6167245582223175,0.00787880514424008,0.39632033911208825
389,0.6790769797331427,-0.6196833189539437,-0.10129901797509944,0.3802440647321375
390,0.6681350656024675,-0.6130873770028261,-0.2099687109254371,0.3655578513785346
391,0.6480557527219343,-0.596420142643078,-0.3164285151417041,0.352391472114233
392,0.619794963848124,-0.5693704207534458,-0.4190052386353448,0.34074350581585755
393,0.5844426624211648,-0.5318465468386111,-0.516087371970712,0.33048426505699957
394,0.5431922919751888,-0.48398539378857325,-0.6061569743191917,0.32136271566918045
395,0.4973082784500156,-0.42615596581204657,-0.6878196072205661,0.31301718309196613
396,0.4480924298387716,-0.35895742845433604,-0.759831639025854,0.3049895395155763
397,0.3968500892503312,-0.28321156039225415,-0.8211243046137849,0.29674247268418186
398,0.3448568976007304,-0.19994975039339993,-0.8708239813655264,0.2876793544443316
399,0.2933270008241781,-0.110394798014109,-0.9082682316803217,0.27716615680711
400,0.24338349429699774,-0.01593790592487157,-0.9330172623384179,0.26455480724614167
401,0.19603183520334608,0.08188862802823098,-0.9448605593201915,0.2492073346183911
402,0.15213687343968463,0.18144240279289953,-0.9438185706230864,0.2305201335149082
403,0.11240405540682587,0.28100488055357126,-0.9301394263966118,0.20794766864706893
404,0.07736524512828408,0.3788175419053227,-0.9042908024856321,0.18102495223294834
405,0.04736948635242019,0.4731193868892167,-0.8669471473837342,0.14938815600803312
406,0.022578900706140242,0.5621849023963044,-0.8189726008733761,0.11279276474692515
407,0.0029697838231348417,0.6443616012688912,-0.7614000326322694,0.07112873893026858
408,-0.011661172965615044,0.7181062451036675,-0.6954067183875293,0.0244322289131729
409,-0.021685739924910755,0.7820188911592473,-0.6222872476386275,-0.02710653021536575
410,-0.027628416337409624,0.8348739532229354,-0.5434243187060686,-0.08313941712235273
411,-0.03014655707442916,0.8756475356057082,-0.46025812241915953,-0.14316088582919628
412,-0.030006913513913533,0.9035403869274681,-0.3742550440603254,-0.20651275100519012
413,-0.02805923581498778,0.9179959238929658,-0.2868764235886306,-0.27239324622752625
414,-0.025207658689735762,0.9187128923093549,-0.199548106471225,-0.3398701938265679
415,-0.022380649375668263,0.9056523602925127,-0.11363149190363198,-0.4078980177420285
416,-0.020500333083930095,0.8790388738192157,-0.030396742487639877,-0.4753382297945642
417,-0.020452026861049355,0.8393557441877127,0.04900123932990885,-0.5409829274944773
418,-0.023054807163700675,0.7873345771281841,0.1235435360636653,-0.6035807603145705
419,-0.029033909651164702,0.7239392908148071,0.1923641952359846,-0.6618647533266433
420,-0.03899571242601671,0.6503450014970886,0.2547631151468106,-0.7145813239938702
421,-0.05340598739299758,0.5679122776634633,0.31021459140857666,-0.7605197911079548
422,-0.07257202023751994,0.47815737357833665,0.35837138928387835,-0.7985416553405694
423,-0.09662909987118873,0.3827191480023403,0.39906431953996396,-0.8276089291933442
424,-0.12553176556550796,0.28332345159265854,0.4322974080710187,-0.8468108103860665
425,-0.15905007723700237,0.18174582499184117,0.4582388591265482,-0.8553880265793604
426,-0.19677104455508984,0.07977338753134003,0.47720811589158346,-0.8527542300063217
427,-0.23810521699445347,-0.020833187108980022,0.4896594178093664,-0.8385138868888832
428,-0.2822983030199183,-0.11837671740799333,0.49616233904914986,-0.8124761868492285
429,-0.32844755566020783,-0.2112587189776967,0.497379864801307,-0.7746645899529453
430,-0.3755225371102454,-0.29801195249446955,0.49404461985288795,-0.725321731293867
431,-0.42238975985925803,-0.37732956705633813,0.4869339057502453,-0.6649095126571218
432,-0.46784059909611175,-0.44809017749385693,0.47684422778472957,-0.5941043250972883
433,-0.5106217834107138,-0.5093783161445886,0.46456600046279284,-0.513787462441595
434,-0.5494677003321295,-0.5604998149578404,0.4508591099046868,-0.4250309009235563
435,-0.5831337018324388,-0.6009917996512961,0.43642998406139555,-0.3290787315389183
436,-0.610429563916324,-0.6306271108605522,0.4219107774891934,-0.227324636551063
437,-0.6302522446365869,-0.649413104494011,0.4078412178334989,-0.1212858972761349
438,-0.641617096620865,-0.657584921421059,0.3946535876948516,-0.012574504485555443
439,-0.643686723222903,-0.6555934517606973,0.38266123007418473,0.09713398660184239
440,-0.6357967209468859,-0.6440883480563669,0.37205087031872397,0.20613315945351993
441,-0.6174776235468142,-0.6238965613300194,0.36287894485282135,0.31271926157826735
442,-0.5884724534029712,-0.595996981454332,0.35507201960742185,0.41522479523160194
443,-0.5487493912146313,-0.5614918558219112,0.3484312716980337,0.51205141381519
444,-0.49850919312881026,-0.5215757356583083,0.342640899338436,0.6017013797882682
445,-0.4381871122363424,-0.477502755684858,0.3372802199847539,0.6828068732741123
446,-0.368449215749491,-0.4305530888293556,0.33183911796351906,0.7541564909899554
447,-0.2901831268017118,-0.381999432458258,0.3257364128685758,0.814718341423995
448,-0.20448335726633698,-0.33307437584600263,0.318340641116155,0.8636592227086032
449,-0.11263153186349574,-0.2849394705260367,0.3089926772450725,0.9003594624233981
450,-0.016071930782887586,-0.23865677653762357,0.2970295705307294,0.9244231013361324
451,0.08361710506719608,-0.19516358965986302,0.2818089375646047,0.9356832133366313
452,0.18475525818357352,-0.15525096925654333,0.26273323354602257,0.9342022688416398
453,0.2855950716625567,-0.11954658552897678,0.23927322462289838,0.9202675659334054
454,0.3843587326633274,-0.0885022913557132,0.21099000074257596,0.894381869581933
455,0.4792759444172116,-0.062386700373048457,0.1775549027306087,0.8572495116568332
456,0.568621999004738,-0.0412829226494513,0.13876678786872407,0.8097583103185624
457,0.6507551547106345,-0.025091475527855317,0.09456612384562949,0.752957764216684
458,0.7241524352375579,-0.013538253332911657,0.04504547997595079,0.6880340623617001
459,0.7874430031098159,-0.006187309047965127,-0.009543924945962637,0.6162825225144334
460,0.8394383153933992,-0.002458077052973528,-0.06878985913150568,0.5390781277211671
461,0.8791583450469298,-0.0016465517090137327,-0.1321210332467827,0.45784487086306813
462,0.9058532439698556,-0.0029498348581761535,-0.19881339907789453,0.3740246398443454
463,0.9190199318627715,-0.005493378743639921,-0.268000704049225,0.289046380807733
464,0.918413215714947,-0.008360181624686852,-0.33868910418187553,0.20429626347979063
465,0.9040511751276519,-0.01062114320903465,-0.40977553237650177,0.12108954179779502
466,0.8762146855686499,-0.011365757214234273,-0.4800694202229487,0.04064475517925814
467,0.835441091674289,-0.009732309651710763,-0.5483172823840902,-0.03593914759467906
468,0.7825121824318282,-0.004936764021792189,-0.6132295952449495,-0.10770225727662208
469,0.7184367560570244,0.003700451800911414,-0.6735093379412431,-0.17383931059654362
470,0.6444281912924031,0.016730488470102695,-0.7278815157264433,-0.233711138131957
471,0.5618775605279004,0.03455560679573835,-0.7751229541620415,-0.2868517438421786
472,0.47232292567977774,0.057412767521728275,-0.8140916386683654,-0.3329709174283024
473,0.3774155475734068,0.0853617444465252,-0.8437548779639901,-0.3719523933877573
474,0.2788838114680778,0.11827810975703312,-0.8632155918155474,-0.4038476823009855
475,0.17849572358916177,0.15585131496292093,-0.8717360628352192,-0.4288658077269037
476,0.0780208648338146,0.1975879593393619,-0.8687585478863933,-0.4473592834054307
477,-0.020807302551559437,0.24282020362861484,-0.8539222156603916,-0.4598067577493138
478,-0.11632789176709701,0.2907191533028579,-0.8270759614641808,-0.46679283356538664
479,-0.20698696195573246,0.34031290632447675,-0.7882867461640604,-0.46898563857692155
480,-0.29136900708059266,0.3905088383304563,-0.7378432112350651,-0.4671127749623132
481,-0.36822484160959,0.44011958660644374,-0.6762544334069589,-0.46193631249816197
482,-0.4364952526146323,0.48789209593775407,-0.6042437977508007,-0.45422750912515886
483,-0.49532989422514095,0.5325390069324766,-0.5227380843880101,-0.44474194440443016
484,-0.5441010191999008,0.5727716028174858,-0.43285197847381385,-0.43419573540376805
485,-0.5824117707332458,0.6073334856761097,-0.33586832289655477,-0.42324347149427743
486,-0.6100988922934342,0.635034128803899,-0.23321453554426963,-0.4124584552260542
487,-0.6272298509529373,0.6547814489657182,-0.1264357054983808,-0.40231577217285086
488,-0.6340945068924314,0.665612560967495,-0.01716496284264618,-0.39317863505249817
489,-0.6311915951389313,0.6667219166964523,0.09290821705788521,-0.38528835853902055
490,-0.6192104118306809,0.6574860906915873,0.2020710635830805,-0.37875822326382946
491,-0.5990082132662041,0.6374845529351945,0.3086211706357352,-0.3735713830636488
492,-0.5715839388328414,0.6065158649883855,0.4109000061590083,-0.36958286124257855
493,-0.5380489560914895,0.5646088454903904,0.5073255141791391,-0.36652557223983684
494,-0.49959559568495854,0.512028372698475,0.5964230731531348,-0.36402019742661396
495,-0.4574642936494814,0.4492756221635678,0.6768541130810135,-0.3615886405442343
496,-0.41291018794308554,0.37708267359061304,0.7474417492648742,-0.35867069217657505
497,-0.36717002388034065,0.29640155905888754,0.807192861404911,-0.35464344608088094
498,-0.32143020953399615,0.20838796164955445,0.8553161311826869,-0.3488429353980909
499,-0.27679682742212175,0.11437990574917864,0.8912356475234344,-0.3405873956466038
