,0,1,2,3
0,0.7273323302424095,0.0,-0.6862854226807871,0.0
1,0.669082106316411,0.026885097312631015,-0.7401413016495746,-0.06162126371763803
2,0.6027794787722781,0.05738411461009005,-0.7868808005978846,-0.1190905916177644
3,0.5296392708939717,0.09152533937047894,-0.8255332153143267,-0.17204727662131086
4,0.45097494801597143,0.12920172951899023,-0.8552283341476546,-0.22025668167463497
5,0.36817033956623657,0.17016705381986164,-0.8752173178063958,-0.26360656568023666
6,0.2826501974905732,0.21403595101268494,-0.8848914470341034,-0.3021003219106624
7,0.19585028082831718,0.26028795955954953,-0.8837982699818554,-0.33584738138755005
8,0.10918766323122944,0.3082754664545567,-0.8716547381054499,-0.3650511039822353
9,0.024031950294501614,0.3572354209885128,-0.8483569867489845,-0.38999454148793694
10,-0.05832193301347893,0.40630456025909223,-0.8139864926281178,-0.411024508102877
11,-0.13667876708038704,0.45453780008759137,-0.768812423365525,-0.42853443338866853
12,-0.20996531421192727,0.5009293602188294,-0.7132900820545551,-0.4429464998634113
13,-0.27724935753065394,0.544436118406399,-0.6480554404073082,-0.4546935813071291
14,-0.33775509517425595,0.5840026261270373,-0.573915845180993,-0.4642014982857545
15,-0.3908745747709703,0.6185871708230549,-0.49183707205489785,-0.47187209436796224
16,-0.43617495243682747,0.6471882369898854,-0.4029269867703201,-0.478067610386696
17,-0.47340146457836696,0.6688707019763295,-0.3084161530594494,-0.4830967955852739
18,-0.5024761070015107,0.6827911025152085,-0.20963579873145433,-0.4872031446007895
19,-0.5234921215796452,0.6882213248049018,-0.10799361350097214,-0.49055558927692466
20,-0.5367044933957832,0.6845701040544517,-0.004947903216412253,-0.49324190582047434
21,-0.5425167583012693,0.67140176801589,0.0980193361744226,-0.495265022592293
22,-0.5414645098287525,0.6484517219976731,0.19942983624025112,-0.4965423337957683
23,-0.5341960731671607,0.6156382486627177,0.297836365193484,-0.49690804155761165
24,-0.521450880517792,0.5730702827207989,0.39184933130016364,-0.49611846551921207
25,-0.5040361349776433,0.5210509163078356,0.48016210034475204,-0.49386017722031483
26,-0.4828023878607354,0.4600764930589043,0.5615744776626057,-0.4897607383698321
27,-0.45861867617178775,0.39083125511591943,0.6350138489788244,-0.4834017495790133
28,-0.43234787229183136,0.31417761494856533,0.699553529930656,-0.4743338511549807
29,-0.4048228867382557,0.23114223025268804,0.7544279403383529,-0.4620932618027976
30,-0.37682433745337196,0.14289816269456146,0.7990442944056384,-0.4462193960140476
31,-0.3490602561932179,0.05074349735509154,0.8329905802382279,-0.4262730677123283
32,-0.3221483453567339,-0.043923112987466484,0.8560396893580376,-0.40185476726449687
33,-0.29660122849831105,-0.1396294382823895,0.8681496471309885,-0.37262249181252804
34,-0.2728150566091172,-0.23485859243889246,0.869459986017853,-0.33830861525953093
35,-0.25106174211551036,-0.3280792324732402,0.8602843930859805,-0.29873530403750537
36,-0.23148499573067816,-0.41777634936765595,0.8410998491106901,-0.2538280175366314
37,-0.2141002402784395,-0.5024819476539634,0.8125325567682916,-0.20362667700028225
38,-0.1987983729592913,-0.5808049109131243,0.7753410279428281,-0.148294142691124
39,-0.1853532458605098,-0.6514593675406826,0.7303967632935204,-0.0881217048338041
40,-0.1734326364098374,-0.7132909048673322,0.6786630094529547,-0.023531367612904946
41,-0.1626123874296712,-0.7653000292340131,0.6211721193135867,0.04492521448260611
42,-0.15239331280504723,-0.806662333703892,0.5590020678812592,0.11657120442103197
43,-0.14222039166038355,-0.8367449121913815,0.49325268952385476,0.1906124245564501
44,-0.1315037132067716,-0.8551186470223001,0.4250222018556223,0.2661484564249452
45,-0.11964058762025934,-0.8615660941560779,0.35538456705385585,0.34218679795465934
46,-0.10603820663681467,-0.8560847941260089,0.2853682135287204,0.4176597978102561
47,-0.09013622181414764,-0.8388859446500558,0.21593660031557696,0.4914440131182849
48,-0.07142860902453942,-0.8103884801960022,0.14797105440154304,0.5623815715666091
49,-0.049484204703530765,-0.7712087118798738,0.08225624878948953,0.6293030635079777
50,-0.023965332271231047,-0.7221457852963713,0.019468618049667315,0.691051445652966
51,0.005356014852225741,-0.6641633116824182,-0.03983206977064649,0.7465064063608113
52,0.03858490529825319,-0.598367616817827,-0.09520784873302869,0.7946086242714125
53,0.07569351425268966,-0.5259831301071395,-0.14634434741268243,0.8343833475825906
54,0.116514793023792,-0.44832550147321504,-0.19304927350025008,0.8649627308366756
55,0.16073998315824845,-0.36677308445412116,-0.23524771044894627,0.8856063894658988
56,0.20792009544326695,-0.28273745901624514,-0.2729744267768387,0.8957196690403504
57,0.25747137147506927,-0.1976336862517627,-0.3063634736619797,0.8948691753184106
58,0.3086846418969553,-0.1128509888987986,-0.3356354138865732,0.882795171660278
59,0.36073839353378856,-0.02972453650690013,-0.36108258331588916,0.8594205206917247
60,0.41271526005626397,0.050491017515062964,-0.38305283349690544,0.8248559256118465
61,0.4636215599760888,0.126645646963194,-0.401932239463094,0.779401311335049
62,0.5124094240154872,0.19771517367923147,-0.41812727957097695,0.7235432746945286
63,0.5580009833004715,0.26281913437418836,-0.4320470036307687,0.6579486240552401
64,0.5993140322106302,0.3212349151766939,-0.4440857015250767,0.5834541196768074
65,0.6352885365700255,0.37240787002558307,-0.45460656707587366,0.5010526148192543
66,0.6649133303162996,0.41595723988195477,-0.4639268215990547,0.41187588173923617
67,0.687252332581784,0.45167779454790785,-0.4723047191821884,0.3171744843323132
68,0.7014696225979273,0.47953722503305307,-0.4799288023447886,0.2182951283465061
69,0.7068527319127329,0.49966941926266295,-0.4869097137791394,0.11665597913838893
70,0.7028335515959431,0.5123638548681201,-0.49327479895369863,0.013720484426610613
71,0.6890063055009633,0.5180514373386135,-0.4989656573216961,-0.08902972573718215
72,0.665142107977892,0.5172871976053778,-0.5038387187013362,-0.19012226835827806
73,0.6311997040607422,0.5107303380616179,-0.5076688381724136,-0.28812116570250335
74,0.5873320801468024,0.4991221782536943,-0.5101558197108119,-0.3816531388851762
75,0.5338887313484972,0.48326259949430006,-0.5109336978990822,-0.46943246459983223
76,0.471413475622323,0.4639856202870588,-0.5095825304940313,-0.5502838574625057
77,0.4006378119121589,0.4421347509423875,-0.5056423843783475,-0.623162887851587
78,0.3224699272483278,0.4185387757407823,-0.49862913529187847,-0.687173504043876
79,0.23797956336308912,0.39398859451096313,-0.4880516493437826,-0.7415822964375582
80,0.14837905430916631,0.3692157229990094,-0.473429873018944,-0.7858292190202021
81,0.05500094030404212,0.34487300377405183,-0.4543133293003169,-0.8195345670889043
82,-0.04072735275334777,0.321518017889238,-0.4302995014151037,-0.8425020985090733
83,-0.13731120602525354,0.29959961368395227,-0.4010515830314203,-0.8547182763509327
84,-0.23321825145595743,0.2794478848727592,-0.36631508459804285,-0.8563477013596147
85,-0.3269089008622996,0.261267837576277,-0.3259328097056159,-0.8477248911897195
86,-0.4168672664552235,0.245136887572286,-0.2798577522878688,-0.8293426475190482
87,-0.501631767237923,0.23100622729136794,-0.22816351428752746,-0.8018373300104787
88,-0.5798247211310196,0.21870599954243325,-0.1710519028931178,-0.7659714257373598
89,-0.6501802449870644,0.2079541142397231,-0.10885743514704338,-0.7226138624552826
90,-0.711569823345264,0.19836844807669182,-0.04204855393344467,-0.6727185625684348
91,-0.7630249609087033,0.18948207760373267,0.028774558815989393,-0.6173017706617968
92,-0.8037564019855304,0.18076111579276657,0.10288560044815243,-0.5574187102215459
93,-0.8331694808596539,0.17162465295804394,0.1794411393369561,-0.49414013414672214
94,-0.8508752582750876,0.16146624661285766,0.2574928358149393,-0.42852932870929594
95,-0.856697198702578,0.14967636291338654,0.33600266481471786,-0.3616201119373526
96,-0.8506732483757757,0.1356651458481969,0.4138608345077299,-0.2943963355076931
97,-0.8330532826619771,0.11888487995996261,0.48990602396412336,-0.2277733549971821
98,-0.8042920005154175,0.09885151841258173,0.5629475003823807,-0.1625818779189844
99,-0.7650374508814786,0.07516467050603394,0.6317886243489169,-0.09955453379827307
100,-0.7161154783630209,0.04752548074610198,0.695251211231433,-0.03931543729861754
101,-0.6585104707273943,0.015751884352283363,0.7522001892417904,0.01762706403102479
102,-0.5933428766058046,-0.020209209682971574,0.8015679806668397,0.0708843494350123
103,-0.5218440359330059,-0.06027317884593458,0.8423780326671293,0.12018816977062588
104,-0.4453289265003669,-0.10421267366495066,0.8737669379477352,0.16538804073774616
105,-0.3651674759862795,-0.15165651809674702,0.8950046132297995,0.20644553106802047
106,-0.2827551188904548,-0.20209261053307537,0.9055120441731103,0.24342567113311336
107,-0.1994832912330838,-0.25487480882581764,0.904876158271126,0.27648577999113927
108,-0.11671055239845288,-0.3092336792545326,0.892861451010512,0.3058620732829708
109,-0.035735003236404855,-0.3642908884279741,0.8694180637358591,0.33185446900990173
110,0.04223136696996743,-0.41907692127754204,0.8346860924312676,0.3548100517152902
111,0.11608582385892777,-0.4725517199997151,0.7889959930772699,0.375105686883467
112,0.18485500661999954,-0.5236277602851664,0.7328650392744274,0.39313029569793995
113,0.24771158491646705,-0.5711950144425519,0.6669898792628263,0.4092673052359585
114,0.30398710551187846,-0.6141471978011005,0.5922353300906295,0.42387778062551135
115,0.3531807765132958,-0.6514086564395842,0.5096196342933761,0.43728472390391826
116,0.39496403933330476,-0.6819612318516602,0.42029648690831656,0.44975898987948143
117,0.4291808837933487,-0.70487043223491,0.3255342159591562,0.4615072231148579
118,0.4558439676144555,-0.7193102508880217,0.22669256587345366,0.47266216342609
119,0.47512670523109757,-0.7245859995049978,0.12519758902483152,0.4832756014945878
120,0.4873515898427717,-0.7201545673426821,0.022515194370284597,0.4933141930207009
121,0.4929751044305375,-0.7056415752865406,-0.07987606708222117,0.5026582611937312
122,0.492569659841468,-0.6808549653558245,-0.18051238323264382,0.5111036351403209
123,0.48680306895186626,-0.6457946494414551,-0.27797162868613395,0.5183664885555492
124,0.47641612362029073,-0.6006579340313465,-0.37089929117832243,0.5240910600680267
125,0.4621988842276876,-0.5458405380769076,-0.458032813729972,0.5278600571715915
126,0.4449663190369761,-0.48193312653051273,-0.5382238282479401,0.5292074708291079
127,0.4255339417448809,-0.4097133898486839,-0.6104578072540181,0.5276334600500433
128,0.4046940902115067,-0.33013380725765684,-0.673870722479786,0.5226209066216306
129,0.383193467619935,-0.24430533616737865,-0.7277623706871892,0.5136531912733672
130,0.3617125298314968,-0.15347736921524485,-0.771606106501372,0.5002327051597659
131,0.3408472504497849,-0.05901439157268901,-0.8050548073260004,0.4818995856497721
132,0.32109372944550485,0.03763014790028352,-0.827942984462884,0.4582501536917081
133,0.302836033818277,0.1349421693223567,-0.8402850451994521,0.42895453182586346
134,0.28633757166678153,0.2313768611192904,-0.8422698006470615,0.3937729372474885
135,0.2717362064344735,0.325389469303513,-0.8342514013174789,0.3525701728433698
136,0.2590432184107324,0.41546627671715963,-0.8167369646960381,0.305327880163757
137,0.2481461183390159,0.5001550658346192,-0.7903712344155984,0.252154170859039
138,0.23881521581884685,0.5780943693408361,-0.7559186772395757,0.19329031592448942
139,0.23071374568876069,0.6480408401128641,-0.7142434803288739,0.1291142436130634
140,0.22341126127533747,0.7088941157760753,-0.6662879558603227,0.060140675327864546
141,0.2163999166897475,0.7597186116260839,-0.6130498919392577,-0.012982187753592334
142,0.20911318345618304,0.799761747975029,-0.555559407180084,-0.08947942821934723
143,0.20094648162614182,0.8284682021321657,-0.4948558709251665,-0.16845953991646578
144,0.19127915383198263,0.8454898692068024,-0.4319654417879105,-0.24892774750710384
145,0.1794971737864445,0.8506913174282669,-0.3678797543388474,-0.32980226409536617
146,0.1650159594936314,0.8441506302295149,-0.3035362479398175,-0.4099331564805759
147,0.14730265645674,0.8261556363320375,-0.23980058392674788,-0.4881234187231578
148,0.1258972675934093,0.7971956378347907,-0.1774515387985705,-0.5631517951740143
149,0.10043203413200784,0.7579488521914158,-0.11716869330510676,-0.633796845441026
150,0.07064851478422797,0.7092658843736509,-0.05952316208289326,-0.6988617072054369
151,0.036411867903785866,0.6521496380169021,-0.004971527689973415,-0.757198989316949
152,-0.0022780882845037653,0.5877321566770802,0.04614694140288224,-0.807735217828613
153,-0.04527938072673088,0.5172489564992554,0.09360979495560526,-0.8494942618816235
154,-0.09230420446558743,0.4420114679145357,0.13730771816275303,-0.8816191845706114
155,-0.14291921845738376,0.3633782450923019,0.17723783472178975,-0.9033919957207397
156,-0.19654986726216916,0.2827256268081363,0.21349424542810352,-0.9142508281616455
157,-0.25248867771219563,0.2014185405726573,0.24625612186653567,-0.9138041155433589
158,-0.3099073765576493,0.12078213314704417,0.27577373597341825,-0.9018414166664048
159,-0.36787257535891754,0.04207488520989788,0.30235285721609056,-0.8783406070919398
160,-0.4253646750675107,-0.03353617338857687,0.326337988611597,-0.8434712416366641
161,-0.4812995571958224,-0.10499758757679459,0.3480949398091793,-0.7975939792434509
162,-0.5345525533984616,-0.1713884496988932,0.3679932493360729,-0.7412560525271124
163,-0.5839841225962891,-0.23193581170780309,0.38638896853019,-0.6751828558257843
164,-0.6284666160833456,-0.2860262188115621,0.4036083066753233,-0.6002658156215341
165,-0.6669114776346432,-0.33321314485039183,0.41993261077379906,-0.5175467935431428
166,-0.6982962083676846,-0.3732202129460047,0.4355851149289301,-0.4281993527321186
167,-0.7216904254897172,-0.4059401905281219,0.45071984446976954,-0.33350729118208067
168,-0.7362803601582957,-0.4314298530694709,0.4654130000265526,-0.23484090898288756
169,-0.741391172150418,-0.4499009131266004,0.47965707830543075,-0.13363152867784361
170,-0.7365065071223209,-0.461707308046447,0.49335791108120286,-0.03134482790786258
171,-0.7212847848043995,-0.46732922855605985,0.5063347238637628,0.07054642979398551
172,-0.695571782007985,-0.46735434920670366,0.5183232328587422,0.1705896674206208
173,-0.6594091609916533,-0.46245678835177373,0.5289817153670412,0.26737917292674296
174,-0.6130386894332545,-0.45337437836377603,0.5378999068009566,0.3595816020943526
175,-0.5569020006408234,-0.4408848648484291,0.5446104991491673,0.44595975361721085
176,-0.49163584920199094,-0.42578167578041387,0.5486029430216195,0.525394106606724
177,-0.4180629254005676,-0.4088499072525862,0.5493391902299454,0.5969016651196243
178,-0.33717839876109273,-0.39084316179816997,0.5462709579029136,0.6596517193461648
179,-0.2501324643806285,-0.37246184832803564,0.5388580498608876,0.7129782071726025
180,-0.15820926272400743,-0.35433351034343497,0.5265872375722739,0.7563884411213768
181,-0.06280263189818036,-0.3369956923475738,0.5089911823826554,0.78956805217951
182,0.03461077110152666,-0.3208817847560131,0.48566687341730785,0.8123820916296771
183,0.1325003789845119,-0.30631020688785165,0.456293061846352,0.8248723225058325
184,0.22931200109882283,-0.29347719787659277,0.4206461919632051,0.8272508214957607
185,0.32349880253642027,-0.2824533888663077,0.37861436231450396,0.8198900978330081
186,0.41355227107460607,-0.2731842291183281,0.3302088951567307,0.8033100158776991
187,0.49803246641949794,-0.265494236214908,0.2755731487143617,0.7781618807397497
188,0.575596862028354,-0.2590949390192937,0.21498827270483906,0.7452101096986611
189,0.6450271222316724,-0.2535962840223899,0.14887568175593754,0.7053119648051257
190,0.7052532056686257,-0.24852118367156878,0.07779610183953789,0.6593958626645915
191,0.7553742490129434,-0.24332280158189767,0.002445129687152048,0.608438805057077
192,0.7946757610642833,-0.2374040963083324,-0.07635466777397104,0.5534434881196557
193,0.8226427446508418,-0.23013908447880033,-0.15766499979192672,0.4954156480261836
194,0.838968460294349,-0.22089523711082215,-0.24044624478328347,0.43534218750621756
195,0.843558648866582,-0.20905639106569557,-0.32357471000479265,0.374170600558472
196,0.8365311379884468,-0.19404554166104182,-0.40586240349029457,0.3127901730718322
197,0.8182108660578193,-0.17534688288870506,-0.48607889754140465,0.2520153858220998
198,0.7891204658710427,-0.1525264784826158,-0.5629748066196126,0.19257188480349374
199,0.7499666541847271,-0.12525097984828537,-0.6353063573489179,0.13508531367272258
200,0.7016227717015597,-0.09330385479731053,-0.7018604956700961,0.08007322603414643
201,0.64510790746566,-0.05659865293774301,-0.7614799568530727,0.027940213348366494
202,0.5815631203445086,-0.015188907912551564,-0.8130877186063971,-0.02102370050752396
203,0.512225336249982,0.030725638404976885,-0.8557102661150856,-0.06664143240843381
204,0.4383995514217558,0.08079671128393692,-0.8884991203357981,-0.1088440991575517
205,0.36143000822865445,0.13452920013006664,-0.9107501167820256,-0.1476633612164018
206,0.2826710296900301,0.19128689607708954,-0.9219199705124886,-0.18322112414626007
207,0.20345820183912802,0.2503021850621768,-0.9216397229498188,-0.21571693799623223
208,0.12508057911972845,0.3106895087979718,-0.9097247360787866,-0.24541349273486923
209,0.048754557619748534,0.3714623077824606,-0.8861809778282621,-0.27262065502008115
210,-0.024399985098483748,0.4315530689084874,-0.8512074271460444,-0.2976785269620073
211,-0.09338074532466678,0.48983601767246443,-0.8051945163870801,-0.32094003018253847
212,-0.15732077887513113,0.5451519235410264,-0.748718619997344,-0.34275352786355545
213,-0.21550263680804058,0.5963344285443463,-0.6825326898759108,-0.3634459933913443
214,-0.26736856430229766,0.6422372651356539,-0.607553227019133,-0.3833072167761047
215,-0.3125265758324293,0.6817617009385475,-0.5248438639295495,-0.40257550972126394
216,-0.3507523238492358,0.7138835359609988,-0.4355959107477114,-0.4214253278317005
217,-0.38198678371547196,0.7376789825432613,-0.3411062882337784,-0.4399571750841402
218,-0.40632988200976583,0.7523487796667068,-0.24275333088627338,-0.4581900927165181
219,-0.4240302958971878,0.7572399308055575,-0.14197099218124903,-0.4760569637491
220,-0.4354717455684444,0.751864507374608,-0.04022201997098507,-0.49340278725536724
221,-0.44115618742962803,0.7359150267500021,0.06102930736925227,-0.509985995237253
222,-0.4416843906602051,0.7092759932037438,0.16034428494901432,-0.5254828016178605
223,-0.4377344420999639,0.6720312799690416,0.2563361321509721,-0.5394944895886202
224,-0.43003877264681944,0.6244671288529244,0.34769501662241614,-0.5515574624810495
225,-0.41936033127458927,0.5670706479341108,0.4332112112607281,-0.5611558065661161
226,-0.40646854962605006,0.5005237953763375,0.511795890088387,-0.5677360436995286
227,-0.3921157405209662,0.42569294561211757,0.5824991266082709,-0.5707236893562181
228,-0.3770145576734527,0.3436142404473316,0.6445247260880506,-0.5695411789547954
229,-0.3618171118847531,0.25547502938734457,0.69724159956701,-0.5636266838432581
230,-0.34709629181314516,0.16259179818184666,0.740191470328975,-0.5524533090006672
231,-0.3333297763501812,0.06638506989155651,0.7730927911016734,-0.5355481482000052
232,-0.3208871522282748,-0.031648163411523544,0.7958408401772512,-0.5125106695411022
233,-0.3100204666342546,-0.12996385971417818,0.8085040547987006,-0.48302991502611137
234,-0.30085845245451726,-0.2270015326440727,0.8113167483189361,-0.44690002199720213
235,-0.2934045656846232,-0.32121534960001996,0.8046684416647196,-0.4040336112325673
236,-0.2875388730028037,-0.41110501546027306,0.7890901174848547,-0.35447263542257157
237,-0.2830237251220785,-0.49524573892121354,0.765237775147751,-0.2983963414409174
238,-0.2795130509081245,-0.5723165994823182,0.7338737247976798,-0.23612606882894138
239,-0.2765650109443335,-0.6411266704915471,0.6958461075489751,-0.16812668352979881
240,-0.27365765969552247,-0.7006383065870551,0.6520671654394287,-0.09500452825303674
241,-0.2702071849511364,-0.7499870710240837,0.6034908081348929,-0.017501856878451016
242,-0.26558822387176034,-0.7884978581155583,0.5510900330621205,0.06351219211623427
243,-0.2591556984938163,-0.8156968563893301,0.4958347514735015,0.1470539412799079
244,-0.2502675714155127,-0.8313190968590114,0.43867055508829444,0.2320406128112616
245,-0.2383078956806479,-0.8353114355991618,0.38049892692354026,0.31730855491707466
246,-0.2227095222944216,-0.8278309280418645,0.32215935656435596,0.4016338783454094
247,-0.20297583463961716,-0.809238661421126,0.2644137655734437,0.4837550619776141
248,-0.1787009011903296,-0.780089218917327,0.20793358442607715,0.5623970331629085
249,-0.14958747581111598,-0.7411160516783778,0.15328974994180145,0.6362961869977622
250,-0.11546232765020664,-0.6932131305135453,0.10094581352900196,0.7042257800650098
251,-0.0762884488804283,-0.6374133353416286,0.0512542676757332,0.7650211190163962
252,-0.03217376666130639,-0.5748641153327733,0.004456113123600808,0.8176039632348429
253,0.016623926259856897,-0.5068010143024264,-0.03931639578822485,0.8610055737333897
254,0.06969601212427012,-0.43451970281712116,-0.08003397286914748,0.8943878671719975
255,0.12648614864620455,-0.35934718954022193,-0.11776171262541767,0.9170621737972386
256,0.1862974142693372,-0.28261289886147456,-0.1526479894962747,0.9285051503015025
257,0.24830337902375443,-0.20562029950685337,-0.18491120374224662,0.9283714618226311
258,0.31156288023168044,-0.12961974972344018,-0.21482478832192098,0.9165029200530737
259,0.37503818574919756,-0.055783189301258085,-0.24270093439769347,0.8929338449537119
260,0.43761613833491847,0.014818741945008679,-0.26887352426794137,0.8578925039325925
261,0.4981317953672876,0.08123664425351822,-0.29368077876245735,0.811798572467376
262,0.5553940105129447,0.14265891856797763,-0.31744813101879954,0.7552566518422932
263,0.6082123498137793,0.19842459718093722,-0.34047182997687014,0.6890459707158769
264,0.6554246954089991,0.24803218937830188,-0.3630037551277076,0.614106485426928
265,0.6959248667729466,0.2911443884797599,-0.38523788960520355,0.531521677146218
266,0.7286895825651295,0.32758859129723655,-0.4072988525125322,0.4424984201722335
267,0.7528040961809834,0.3573532862821132,-0.4292328346231091,0.34834436300580496
268,0.7674858646679934,0.3805804698702535,-0.45100121575153684,0.25044332069111924
269,0.7721056532255883,0.3975543491851287,-0.4724770688470302,0.1502292219070372
270,0.7662055350349954,0.4086866808669463,-0.4934446771027167,0.04915918635101307
271,0.7495133172883415,0.41449917808392367,-0.5136021081226122,-0.051313673686302186
272,0.7219530072864228,0.41560348871253366,-0.5325668055572914,-0.14976712943287895
273,0.6836510253353569,0.41267930549697496,-0.5498840757601011,-0.24483580129938945
274,0.6349379716301172,0.40645121229637987,-0.5650382670610974,-0.3352356498966461
275,0.5763458599110984,0.3976648982503429,-0.5774663642678376,-0.419786465482351
276,0.5086008388314952,0.38706338318120076,-0.5865736529194977,-0.49743187859334126
277,0.4326115300244786,0.3753638925563014,-0.5917510484103259,-0.5672564754677901
278,0.34945321715389815,0.36323599902082193,-0.5923936359101324,-0.6284996723700904
279,0.260348220180566,0.3512816104583121,-0.587919929337175,-0.6805660813549246
280,0.16664288121597515,0.34001733271381457,-0.5777913324878352,-0.7230321844123906
281,0.06978167039513755,0.3298596698661174,-0.561531273488026,-0.7556492212446148
282,-0.028721009844864753,0.32111344794175034,-0.5387434853618778,-0.7783422859671615
283,-0.12731068757242603,0.31396376119819386,-0.5091289207303322,-0.7912057175982021
284,-0.22442367584673734,0.30847164578741043,-0.4725008171295466,-0.7944949561051708
285,-0.3185182188081691,0.30457358615193053,-0.42879747051543227,-0.7886151179031432
286,-0.40810522148677386,0.3020848574418363,-0.37809232721600106,-0.7741066200465966
287,-0.4917778646775278,0.3007066051741583,-0.320601067632332,-0.7516282491038062
288,-0.5682394322960224,0.30003646388815286,-0.2566854268337866,-0.7219381272467499
289,-0.636328720888264,0.29958242221594844,-0.1868535760790928,-0.6858730730815926
290,-0.6950424583890626,0.29877955499439346,-0.11175697327761913,-0.64432688712925
291,-0.7435542303994119,0.29700916600571836,-0.0321836774044324,-0.5982281109012291
292,-0.7812294954375787,0.2936198196224093,0.05095179026007973,-0.5485178137969139
293,-0.8076363637729292,0.28794968771886026,0.136621868670054,-0.4961279535113448
294,-0.8225519152897136,0.27934960103672957,0.22370241090431592,-0.44196083356948923
295,-0.8259639378781996,0.26720617271723035,0.3109918395179057,-0.386870146612293
296,-0.8180680765136097,0.2509643565118079,0.397232603527904,-0.33164404509109163
297,-0.7992604917976295,0.23014881341258658,0.4811344765558969,-0.2769906233168864
298,-0.7701262326455316,0.2043834878504776,0.5613991858283315,-0.22352612786106196
299,-0.7314236284164414,0.1734088375285822,0.6367458240206332,-0.17176613884406866
300,-0.6840650986503796,0.1370962183368309,0.7059364713014233,-0.12211988459165321
301,-0.6290948614341525,0.095458996209066,0.7678014440492189,-0.07488776853290363
302,-0.5676640922588617,0.048660039485104084,0.8212635898954922,-0.030262102194006324
303,-0.5010041423457258,-0.002984663710668134,0.8653610659703601,0.011669046130642846
304,-0.4303984674358053,-0.0590064206400811,0.899268068117729,0.05091505883299363
305,-0.3571539439717175,-0.11878833679448814,0.92231302269635,0.08757328080967905
306,-0.28257225885296644,-0.18157385714192836,0.9339938083618707,0.12181715343506838
307,-0.20792205134346312,-0.24647919279349872,0.9339896416071805,0.1538823493955036
308,-0.13441246149001848,-0.3125093796773823,0.9221693352364422,0.18405133783656458
309,-0.06316869922657027,-0.37857762120582683,0.8985957215498843,0.21263684857616894
310,0.004789806763129234,-0.4435274805364459,0.8635261198309359,0.2399647310124809
311,0.06856818995574039,-0.506157412057627,0.8174088186330851,0.266356717141098
312,0.12741144656068495,-0.565247058106218,0.760875635162005,0.2921135984585346
313,0.1807159357185087,-0.6195846872873979,0.6947307045161222,0.31749931347783056
314,0.228036856805157,-0.6679951163984919,0.6199357384942927,0.3427264164661419
315,0.2690915838236125,-0.7093674397694758,0.5375920749966703,0.3679433595147104
316,0.30375884177628854,-0.7426818883304058,0.44891991276471876,0.3932239701646215
317,0.3320738146031463,-0.7670351559926761,0.3552351905463184,0.4185594468217473
318,0.35421937612258525,-0.781663562662392,0.25792462317801984,0.4438531256437648
319,0.3705137318808983,-0.785963470655654,0.15841944826433602,0.46891819723085193
320,0.38139484849780375,-0.7795084333309932,0.05816846511795054,0.49347847123356114
321,0.38740212578581373,-0.7620626299028015,-0.041389038256524235,0.5171722039654277
322,0.38915583367013407,-0.7335902268326941,-0.13884987441998173,0.5395589204059312
323,0.3873348890963175,-0.6942604018125585,-0.23287248050895376,0.5601290797534196
324,0.3826535863819677,-0.6444478688206745,-0.3222008235226307,0.5783163550539223
325,0.37583791691962065,-0.5847288495459566,-0.4056861744979265,0.5935122244195328
326,0.3676021202423361,-0.5158725450184172,-0.48230629231404054,0.6050825058484549
327,0.3586260981057764,-0.4388282688927447,-0.5511816217173403,0.6123854113702152
328,0.3495342967192233,-0.35470850786465347,-0.6115881831390473,0.6147906506365433
329,0.34087662027806886,-0.2647682725969773,-0.6629669121861221,0.6116990803656733
330,0.33311188260613994,-0.17038119188603262,-0.70492929233581,0.6025623751322507
331,0.3265942344625068,-0.07301288140785905,-0.7372592132458979,0.5869021874626208
332,0.3215629236837249,0.02580781568952828,-0.7599110770207627,0.5643282712946924
333,0.3181356558774932,0.12451906746330638,-0.7730042635417138,0.5345550624994574
334,0.31630572714392824,0.22155708620232528,-0.7768141514072893,0.4974162429021177
335,0.31594299973280426,0.3153872513217175,-0.771759971051581,0.45287685931832733
336,0.3167986892140963,0.40453461504239063,-0.7583898392720316,0.4010426254572912
337,0.3185138302539876,0.48761309819889687,-0.7373633879461453,0.3421661007732823
338,0.3206311900365067,0.5633527146211975,-0.7094324526232118,0.27664951485537453
339,0.3226103062526925,0.6306242095535519,-0.6754203276857074,0.20504408690189496
340,0.3238452427459253,0.6884605593514385,-0.6362001229268989,0.1280457752373544
341,0.3236845824962413,0.7360748547195054,-0.592672771051623,0.046487479581969415
342,0.32145311652807484,0.7728741761772165,-0.5457452364777678,-0.03867219329963978
343,0.3164746401053115,0.7984691661415032,-0.4963094629444529,-0.12636340405076085
344,0.3080952354554677,0.8126791046485707,-0.44522257120856945,-0.21542251703029947
345,0.29570640408182775,0.8155324027811013,-0.3932887792568662,-0.3046121447180374
346,0.27876741191781784,0.807262536697783,-0.34124346701259733,-0.3926433790580508
347,0.25682622717773534,0.7882995531130212,-0.2897397467972128,-0.47819973099255153
348,0.22953846337508266,0.7592573815041269,-0.2393378313971146,-0.5599622531251837
349,0.1966837878223223,0.7209172866796882,-0.19049741527406056,-0.6366352866030601
350,0.15817931781760422,0.6742078852278663,-0.14357320320654526,-0.7069722528022817
351,0.11408960113275218,0.6201822285912744,-0.09881363653773052,-0.7698009037972852
352,0.06463286249332442,0.5599925221666794,-0.05636278238041183,-0.8240474531030717
353,0.010183291365256086,0.4948631022980965,-0.016265267751376433,-0.8687590296657932
354,-0.048730753806384086,0.42606233006885547,0.02152593920573842,-0.9031239330629395
355,-0.11143264622118065,0.3548740815348391,0.05713917297283691,-0.9264892155459388
356,-0.17710741287343645,0.28256951801519004,0.09077147820280144,-0.9383751757899534
357,-0.24481549175993833,0.21037980722220706,0.12267417747356006,-0.9384864185957464
358,-0.31351003865985505,0.13947043674110268,0.15313704265567718,-0.9267192126536581
359,-0.3820574055985385,0.07091771644076565,0.18247154849725758,-0.9031649629559106
360,-0.44926032965754226,0.005688006975209617,0.21099370955809246,-0.8681097034934943
361,-0.5138832984152462,-0.05537986085347288,0.23900701092250715,-0.8220296073448987
362,-0.5746794988443769,-0.1115885946128963,0.26678593896649805,-0.7655826029437025
363,-0.6304187114812115,-0.16239258790022815,0.2945606009674583,-0.6995962749808822
364,-0.679915482288517,-0.20740401759403768,0.3225028919836291,-0.6250523138845409
365,-0.7220568916437238,-0.2463948045063626,0.3507146249797308,-0.5430678570560096
366,-0.7558292436725014,-0.2792944561735238,0.3792179867281597,-0.4548741361102387
367,-0.7803430196770629,-0.30618391439382664,0.4079486189435873,-0.3617929055547919
368,-0.7948554762209554,-0.32728563032881425,0.4367515530303999,-0.26521117817196715
369,-0.7987903206679681,-0.342950184027801,0.46538014955868223,-0.16655482964837998
370,-0.7917539633854263,-0.3536398507684512,0.4934981121161054,-0.06726165883898577
371,-0.7735479248126162,-0.35990959150117174,0.5206845615986795,0.0312455000976114
372,-0.7441770652491777,-0.3623860070858401,0.5464420734483992,0.1275850218125667
373,-0.7038534033552142,-0.36174484437539567,0.5702074989673911,0.22044151667609335
374,-0.6529953935796097,-0.35868767534710716,0.5913653147311119,0.3085890990473705
375,-0.5922226404978691,-0.353918387608766,0.6092631732783987,0.3909124002649165
376,-0.5223461367057066,-0.3481201253163525,0.6232292655079488,0.46642488616364874
377,-0.4443542178147923,-0.34193330385021825,0.632591052193904,0.5342841056146879
378,-0.3593945306085089,-0.335935289938067,0.6366948801374203,0.5938035718566455
379,-0.2687524060188343,-0.3306222921177883,0.6349259688102468,0.6444610603785421
380,-0.1738261149304947,-0.32639394571454383,0.6267282367260179,0.6859031937958564
381,-0.07609955978054067,-0.32354100342774345,0.611623433674725,0.7179462733952429
382,0.02288698334412609,-0.32223645905860004,0.5892290555154986,0.7405734066134833
383,0.12156741042277391,-0.3225303399958705,0.5592745422373697,0.7539280674642829
384,0.2183809302608023,-0.32434830616295274,0.5216152969253505,0.7583043106834646
385,0.3118030931153557,-0.32749409171253496,0.47624411223881546,0.7541339380872243
386,0.4003760026256964,-0.33165572342104543,0.4232996508486183,0.7419709854401142
387,0.4827370260691082,-0.3364153490937477,0.3630716955368683,0.722473958323808
388,0.557645354026065,-0.3412624129085917,0.29600296164969886,0.6963862946408085
389,0.6240058121964713,-0.34560982496259673,0.2226873474195948,0.6645155683154212
390,0.6808893940903639,-0.34881269162867123,0.14386458430001803,0.6277119726102103
391,0.727550061998947,-0.35018910374776546,0.06041133773982149,0.5868466317311116
392,0.7634374530994915,-0.3490424229560185,-0.026671103419518283,0.5427902858603274
393,0.7882052255621952,-0.344684464041844,-0.11627232569736184,0.4963928775894786
394,0.8017148836994694,-0.3364589442446678,-0.2071911744397782,0.4484645374238371
395,0.804035028971235,-0.3237645595597067,-0.2981566451864836,0.3997584234152812
396,0.7954360923886434,-0.3060770537082065,-0.387850841435902,0.35095581618809335
397,0.7763807108793338,-0.2829696673637682,-0.47493350292595593,0.3026538070552328
398,0.747510012870189,-0.2541313929729527,-0.5580675658644639,0.2553558452327767
399,0.7096261741997499,-0.21938251315492485,-0.6359451866476274,0.20946533219645394
400,0.6636716921555098,-0.17868696691516578,-0.707313644281986,0.16528236898909404
401,0.6107059008351294,-0.13216116612350765,-0.7710005344228084,0.12300367788718189
402,0.551879313331161,-0.08007897294414387,-0.8259376797634691,0.08272563542380934
403,0.48840642393899825,-0.022872644966397182,-0.8711832072138119,0.04445027149540584
404,0.42153763555601326,0.038870343727348766,-0.9059412813037941,0.008094011243430788
405,0.35253099293388807,0.10441459294695626,-0.9295790346292703,-0.026501135418780408
406,0.28262440113640663,0.17288806097918163,-0.9416402986995228,-0.05955429554798894
407,0.213008990527367,0.24329712383173774,-0.9418558107561836,-0.09133077922872501
408,0.14480425536922978,0.3145450922432151,-0.9301496522764794,-0.12212590610766778
409,0.07903554355688754,0.38545377959954263,-0.9066417610189101,-0.15224809957312024
410,0.01661441142457916,0.4547876335970565,-0.8716464485374695,-0.18200175387127968
411,-0.041677718423696566,0.5212798758959518,-0.8256669469034961,-0.211670384239167
412,-0.0952022447625823,0.5836600388668214,-0.7693860997117036,-0.24150056147461202
413,-0.14347216410303879,0.6406822482682821,-0.7036534010975407,-0.2716871104880569
414,-0.18615677959709542,0.6911535763552338,-0.6294686703126554,-0.3023600178532649
415,-0.22308229028015433,0.733961782163823,-0.5479627263666167,-0.3335734470834384
416,-0.254228313123278,0.7681017647957391,-0.46037549548816825,-0.365297203490779
417,-0.2797204931526672,0.7927000812596631,-0.368032042043306,-0.3974109244985397
418,-0.2998194552050784,0.8070369222352807,-0.2723170596812748,-0.4297011978527429
419,-0.31490644226827796,0.810564996019183,-0.1746483927619314,-0.4618617312053851
420,-0.32546606752456075,0.8029248415307797,-0.07645017776352414,-0.49349661403377
421,-0.3320666781277229,0.7839561738953665,0.020873800070970172,-0.5241266289353697
422,-0.33533888664061545,0.7537049587762888,0.11596594822277248,-0.5531984861471155
423,-0.3359528695120562,0.7124260120433296,0.20753934247429862,-0.5800967748195041
424,-0.33459505991490784,0.6605810270890075,0.29440030846731446,-0.6041583491973936
425,-0.331944874028787,0.5988320405535243,0.37546862952435905,-0.6246887993678202
426,-0.32865210516760474,0.5280304557368727,0.4497949606360554,-0.640980596406488
427,-0.32531559917414854,0.44920184890285153,0.5165750978786724,-0.6523324521498752
428,-0.3224637877924904,0.363526884415491,0.5751608299020783,-0.6580693957448879
429,-0.32053760524140906,0.2723187577199349,0.6250671815977521,-0.6575630436006961
430,-0.3198762482772354,0.17699766830166208,0.6659759475533025,-0.6502515270911213
431,-0.32070616332061147,0.07906289588648446,0.6977355022641869,-0.6356585437027998
432,-0.3231335576921924,-0.01993688946769806,0.7203569631036622,-0.613411012323396
433,-0.3271406378685615,-0.11843441049973424,0.7340068685620716,-0.5832548417014948
434,-0.33258567833394603,-0.2148749601582457,0.738996616137585,-0.5450683621357308
435,-0.3392069225988206,-0.307747265141199,0.7357689794951456,-0.4988730231951042
436,-0.3466302158841471,-0.39561333523575504,0.7248820912810957,-0.4448410234676058
437,-0.3543801694321023,-0.4771366228193897,0.7069913346760226,-0.3832996104495693
438,-0.3618945619399553,-0.5511078578178589,0.6828296320307149,-0.31473186796144725
439,-0.36854159663512176,-0.6164679795853988,0.6531866516912954,-0.23977389296552754
440,-0.37363955524041415,-0.6723276571942691,0.6188874736269703,-0.1592083512854761
441,-0.37647832449874175,-0.7179829717676347,0.5807712603041257,-0.07395449032404933
442,-0.3763422187231357,-0.7529269267397501,0.5396704713285934,0.014945225751492042
443,-0.3725334843602178,-0.7768565520100372,0.4963911389666633,0.10634160890684813
444,-0.36439585078394726,-0.789675473411604,0.45169468736024865,0.19899804027710943
445,-0.35133748605543624,-0.7914919271491611,0.4062817319944954,0.29161216435103704
446,-0.3328527273692816,-0.7826123072195625,0.36077823898023864,0.3828395234946679
447,-0.3085419831165369,-0.7635304396537936,0.3157243574661809,0.4713186209764781
448,-0.27812924628020924,-0.7349128781221601,0.2715661647140961,0.5556968617117347
449,-0.24147671619857558,-0.6975806085643367,0.22865048395686677,0.6346567940826424
450,-0.1985960961749094,-0.652487633774467,0.1872228521536839,0.7069420640950183
451,-0.14965621623740571,-0.6006969802672192,0.1474286302856898,0.7713824951419556
452,-0.09498672152888013,-0.5433547275486769,0.1093171650561441,0.8269177227558842
453,-0.035077665062409225,-0.481662702732488,0.0728488299098563,0.872618843591509
454,0.029425053534531398,-0.4168505102658009,0.03790469722776077,0.9077075808010526
455,0.09772835672212354,-0.35014757674852537,0.0042985243181456745,0.9315725229300278
456,0.1689046142598999,-0.2827558842445411,-0.028209324825035326,0.9437820591639359
457,0.24190797281224757,-0.21582404231408617,-0.059896450555952996,0.9440937086221242
458,0.31559404238997274,-0.15042330987123126,-0.09106194909050905,0.9324596236208706
459,0.38874250477206684,-0.087526123917577,-0.12200939892489492,0.9090281344323057
460,0.4600821321066211,-0.02798762461644977,-0.1530298102574185,0.8741412939320113
461,0.5283176392519204,0.027469413217413002,-0.1843850457785249,0.8283284724588571
462,0.5921577427397196,0.07826592130953226,-0.21629220805343413,0.7722961439825651
463,0.650343763830358,0.12397392758918038,-0.24890946251409618,0.7069140920904209
464,0.701678093912669,0.16431987188543057,-0.2823237264737757,0.6331983462522565
465,0.7450518380102854,0.19918382949834723,-0.3165406045666459,0.5522912333221047
466,0.7794709665032025,0.22859472865628389,-0.35147689087294487,0.46543899448951626
467,0.8040803360560946,0.252721749308988,-0.3869558892544665,0.37396747233602845
468,0.8181849874478928,0.2718621868725569,-0.42270572785047783,0.2792564149776221
469,0.8212681894120138,0.2864261530290143,-0.45836076320174834,0.18271297348033988
470,0.8130057722494032,0.2969185642815127,-0.49346608613875265,0.08574498413938914
471,0.7932763810618252,0.30391893571779904,-0.5274850575219759,-0.010265371529913137
472,0.7621673738805039,0.3080595506829369,-0.5598097193128526,-0.1039869491233695
473,0.7199761924111919,0.31000261549213304,-0.5897738474047383,-0.19416351270650178
474,0.6672071400799224,0.3104170309863133,-0.6166683391908724,-0.27963558167655694
475,0.6045636109286866,0.3099554191037418,-0.639758562887843,-0.35935979146359864
476,0.5329359210123253,0.3092320325801611,-0.658303238882383,-0.4324253690500312
477,0.45338499863733217,0.308802149680828,-0.6715743773091613,-0.49806739614728995
478,0.3671222884935516,0.3091435142007254,-0.6788777619167708,-0.5556766121529406
479,0.2754863150386099,0.31064032492378685,-0.679573448956315,-0.6048055937500176
480,0.17991643018707593,0.31357020975037925,-0.6730957419336273,-0.6451712361045411
481,0.081924337475005,0.31809453955196365,-0.6589721088626995,-0.6766535498891237
482,-0.0169359622297115,0.32425234754185017,-0.6368405280655769,-0.6992908766100934
483,-0.1150991210177944,0.33195802384003076,-0.6064647811582555,-0.7132717097739253
484,-0.2110195868244878,0.341002854409513,-0.5677472568891981,-0.7189233892117943
485,-0.3032022314953936,0.35106037121320205,-0.5207388858873438,-0.7166980084419587
486,-0.3902317696408018,0.36169537889297976,-0.46564589277413604,-0.7071559385263224
487,-0.47080030361982206,0.37237642509565416,-0.4028331268878132,-0.6909474249364056
488,-0.5437323756984153,0.38249138926890497,-0.33282381423336016,-0.668792755217681
489,-0.6080069689679272,0.3913657806830254,-0.2562956592138404,-0.6414615237603346
490,-0.6627759724975181,0.39828326275221215,-0.1740733131031133,-0.6097515350999327
491,-0.707378711601248,0.40250785932415695,-0.08711731490593544,-0.5744678885710122
492,-0.7413522389231448,0.40330725106138066,0.003490302976888515,-0.5364027748530769
493,-0.7644371839456927,0.39997653758711843,0.09656346915604463,-0.4963164893548766
494,-0.7765790650006932,0.3918618245676543,0.19083223603314237,-0.45492012918725183
495,-0.7779250762891037,0.37838299480725884,0.284965230709667,-0.41286039069867225
496,-0.7688164701354385,0.359055038781121,0.3775939149984867,-0.3707068244994776
497,-0.7497767590713206,0.3335073524550186,0.46733812796224694,-0.32894183614689976
498,-0.721496060807184,0.30150045795870023,0.5528323492993725,-0.2879536449822223
499,-0.6848119993057418,0.2629396645301096,0.6327521001407385,-0.24803233295509125
