,0,1,2,3
0,-0.5814470129836401,0.0,0.8135842741181781,0.0
1,-0.5149699856659479,-0.04740997093646876,0.8546047802341196,0.04699870338646657
2,-0.44404674573156255,-0.09854395158048602,0.8859094751876018,0.09097240782204269
3,-0.36995020395631184,-0.15289070863506748,0.9068401473418795,0.13191749305800254
4,-0.29396311241471984,-0.20980915202719358,0.9168945082389933,0.16991253345841204
5,-0.21735103104181627,-0.2685380581636444,0.9157385462458141,0.20510669307061116
6,-0.14133628726948783,-0.32820928032113617,0.9032155867031644,0.23770638642749364
7,-0.0670735297235881,-0.38786416736120094,0.8793518262244115,0.2679606221134237
8,0.004372567310638287,-0.4464728271968553,0.844358188854903,0.29614547800638297
9,0.07204694964501346,-0.502955795339217,0.7986284357915976,0.322548177062917
10,0.13512074979929237,-0.5562076033609101,0.7427335462466196,0.3474512400569471
11,0.19290442491785728,-0.6051216889108978,0.6774124727435635,0.37111718665158133
12,0.244857204421981,-0.6486160493802117,0.6035594575877702,0.3937742387274921
13,0.2905926797494013,-0.685659016489113,0.5222081764313674,0.41560345048070824
14,0.3298804660397614,-0.7152945196178735,0.43451304784369904,0.43672764920898305
15,0.3626439642730521,-0.7366662119276435,0.34172811283145277,0.45720251998557015
16,0.3889543496923157,-0.7490398551167821,0.24518394375792765,0.47701010788595194
17,0.4090210059137901,-0.7518233955455014,0.14626308674801725,0.4960549446247323
18,0.42317871161853754,-0.7445842155751254,0.0463745743608725,0.514162934099783
19,0.4318719659575914,-0.727063108089695,-0.05307193471543309,0.5310830552940272
20,0.43563690782702424,-0.699184597753395,-0.150691825413529,0.5464918632119515
21,0.435081341279178,-0.661063317776172,-0.24515044850748818,0.5600006910335457
22,0.4308634231327214,-0.6130062437383248,-0.3351867580524562,0.571165381453102
23,0.4236695982651812,-0.5555106840980857,-0.41963515917105887,0.5794983041788623
24,0.41419238241790307,-0.4892580279744667,-0.49744510554328963,0.5844823516416411
25,0.4031085912960601,-0.4151033521854772,-0.5676980409345256,0.5855865477850289
26,0.391058598373945,-0.3340610888395411,-0.6296213434624722,0.5822828568811356
27,0.3786271725726901,-0.24728704958331843,-0.6825990034692668,0.5740637418969711
28,0.3663264016918886,-0.15605719056797474,-0.7261788440526852,0.5604599960263081
29,0.35458114932937373,-0.061743581140232595,-0.7600761755992111,0.5410583573097424
30,0.3437174235184849,0.03421189275416481,-0.7841738600338919,0.5155184151934228
31,0.33395395623840374,0.1303255041284031,-0.7985188448933769,0.48358832950821223
32,0.32539720633914004,0.2251007118221104,-0.8033153096797513,0.445118906448589
33,0.31803990648594005,0.3170575847395151,-0.7989146452599509,0.40007561214191395
34,0.31176317981858426,0.4047619589270335,-0.7858025594399431,0.34854815146919194
35,0.30634215656338865,0.48685366833172083,-0.7645836665178799,0.2907572967925561
36,0.30145492726672507,0.5620732112969354,-0.7359639740544625,0.22705871677371667
37,0.2966945800271652,0.6292862513961917,-0.7007317249735424,0.1579436279241342
38,0.29158398636906296,0.6875054021908201,-0.6597370863687226,0.0840361691254073
39,0.28559292633786315,0.7359088096766988,-0.6138711972809123,0.006087480176495269
40,0.2781570799020857,0.773855121990647,-0.564045095775525,-0.075033452544608
41,0.2686983604474922,0.8008945215231236,-0.5111690407546854,-0.15835203901753503
42,0.256646028366451,0.8167755878362275,-0.4561327262807729,-0.24280319448924356
43,0.24145799946004284,0.8214478584323606,-0.39978685627182614,-0.3272490182199684
44,0.2226417546963338,0.8150600560459709,-0.34292650606999214,-0.41049867909495724
45,0.19977426503836385,0.7979540532537766,-0.2862766456779253,-0.49133008666643513
46,0.1725203674153037,0.7706547453230852,-0.23048013875705306,-0.5685128775818796
47,0.14064906492158663,0.7338560979005945,-0.17608846335923536,-0.6408322098510498
48,0.10404727508279926,0.6884037250549333,-0.12355532657437128,-0.7071128319818815
49,0.06273061326683707,0.6352744331647437,-0.07323326771311378,-0.7662428813544953
50,0.016850872470759996,0.5755532352531988,-0.025373265287526616,-0.8171968666699599
51,-0.03330005607326995,0.5104083969435482,0.01987271607525057,-0.8590573029494759
52,-0.08728998683794678,0.4410651178948284,0.06244637954023462,-0.891034494089072
53,-0.14455003894330415,0.36877848036386685,0.10237516424792265,-0.9124839967951314
54,-0.20438200331773168,0.2948063087910532,0.13976200790409832,-0.9229213499336986
55,-0.2659693541686008,0.2203825807702665,0.17477314287359014,-0.9220337137362509
56,-0.3283916862941305,0.1466920105765556,0.2076243146509746,-0.909688132478168
57,-0.3906422701644834,0.07484639211487282,0.23856585091742244,-0.8859362105276948
58,-0.4516483343235226,0.005863239619409932,0.2678670373088685,-0.8510150732198117
59,-0.5102936116079783,-0.059352797072802665,0.29580027182675406,-0.8053445688765393
60,-0.5654426238141691,-0.12002533875790448,0.32262547313768947,-0.7495207544243725
61,-0.615966130354056,-0.17551818315269005,0.348575208769064,-0.684305792369926
62,-0.6607671314069717,-0.22534347969999535,0.37384098766992,-0.6106144693232207
63,-0.69880679601707,-0.26916603648334003,0.39856112833875396,-0.5294976238110477
64,-0.7291296810643706,-0.3068037207773917,0.42281056958917557,-0.44212284192495
65,-0.7508876182179506,-0.33822401305077804,0.44659293717344883,-0.34975284168908705
66,-0.763361672641668,-0.36353687042382277,0.46983511730329136,-0.2537220194085863
67,-0.7659816187583183,-0.3829841472646882,0.4923845191995025,-0.15541167240912296
68,-0.7583424338090546,-0.39692590550014695,0.5140091349416155,-0.05622444151808559
69,-0.7402173779456434,-0.40582402321292044,0.5344004279773373,0.04244146731906184
70,-0.7115673085239251,-0.4102235753149476,0.5531790036699498,0.13921772011694666
71,-0.6725459642134288,-0.41073251291746277,0.569902938219981,0.23279039898794934
72,-0.6235010493596476,-0.40800020717085084,0.5840785681839286,0.32192312527088385
73,-0.5649710484171466,-0.4026954478721824,0.5951734735444297,0.4054782695811349
74,-0.49767780178192117,-0.39548449645782235,0.6026313246598181,0.48243580424111465
75,-0.4225149755024114,-0.38700978691762417,0.6058882090678155,0.5519094114243445
76,-0.34053265565771584,-0.3778698468790516,0.6043900094626848,0.6131595271314003
77,-0.2529183912429023,-0.36860097519003615,0.5976103703891119,0.6656030751607485
78,-0.1609750949060224,-0.3596611627224101,0.5850687692081229,0.7088197247159911
79,-0.06609628673386214,-0.35141668111130026,0.5663481973027938,0.7425545882482913
80,0.030260769386034503,-0.34413169133963406,0.5411119606048373,0.7667173605327293
81,0.12660343607819208,-0.337961142341375,0.509119124317684,0.7813779837533846
82,0.22143294187174256,-0.33294714122718466,0.47023815484747705,0.786759004478697
83,0.31327383051859853,-0.3290188835978095,0.42445835177884317,0.7832248648717965
84,0.40070295534852995,-0.3259961370838839,0.3718987132988669,0.7712684404459883
85,0.48237736400901154,-0.32359617617085906,0.31281393855964,0.7514951984557994
86,0.5570604449005048,-0.32144397396210955,0.24759733861252173,0.7246054031282786
87,0.6236457476739101,-0.3190853691621462,0.17678050207537244,0.6913748351515892
88,0.6811779453027923,-0.31600284645800825,0.10102964077122205,0.6526345221861473
89,0.7288704731283583,-0.31163349768981985,0.021138622247341005,0.6092499939833717
90,0.7661194592369096,-0.3053886715457802,-0.06198122167935888,0.5621005796378291
91,0.7925136486327509,-0.296674772526392,-0.14731434044870562,0.5120592555314087
92,0.8078401187555118,-0.2849146368122716,-0.23375701719572797,0.45997353094604115
93,0.812085683630646,-0.2695688943041481,-0.3201359091179713,0.40664782473166544
94,0.8054339858937977,-0.2501567229755783,-0.40522869220656954,0.35282774172378106
95,0.7882583776000995,-0.2262754138969133,-0.487786371068338,0.299186602990542
96,0.7611107896343032,-0.19761819257425756,-0.5665567691506145,0.24631452087838443
97,0.7247068832639144,-0.1639897839399312,-0.640308680723589,0.19471023985207808
98,0.6799078636433238,-0.1253192634071872,-0.7078561443631595,0.14477588909197872
99,0.627699411787392,-0.08166980349866336,-0.7680822889944323,0.09681471464258729
100,0.5691682568324645,-0.03324500300707181,-0.8199622080682694,0.05103177960020612
101,0.5054769627203307,0.019608428483799928,-0.862584335091887,0.007537542405429733
102,0.4378375415288378,0.07640176574665136,-0.8951698241372946,-0.03364585223743849
103,0.36748452863824294,0.13650918164809825,-0.9170894814111256,-0.07257580604007215
104,0.29564816224764273,0.1991764207380145,-0.9278778474913428,-0.10937832379597053
105,0.2235283013114463,0.26353307719894603,-0.927244093151774,-0.1442352503724983
106,0.15226969201398763,0.32860822825408037,-0.9150794632934829,-0.17737009070356496
107,0.08293915408669891,0.39334908642737365,-0.8914610816658796,-0.2090328510096785
108,0.016505205610270024,0.4566422542718148,-0.8566520119105914,-0.23948436335355056
109,-0.046179420210826216,0.5173370953604204,-0.8110975560004847,-0.26898056725919517
110,-0.10439198879913984,0.5742706772537105,-0.7554178573103099,-0.29775722120181414
111,-0.15755041586449536,0.6262936973122514,-0.6903969602626805,-0.32601550335517127
112,-0.20522015599898868,0.6722967717810542,-0.6169685596963259,-0.35390893542091084
113,-0.24711722331820354,0.7112364533455384,-0.5361987488405968,-0.3815320263277224
114,-0.28310733737519256,0.742160342780125,-0.44926614322192915,-0.40891098503624146
115,-0.31320128525641494,0.7642306764255901,-0.35743981732401453,-0.4359967948450879
116,-0.3375466855739092,0.7767458026949814,-0.2620555399417428,-0.46266087692783964
117,-0.3564164296269751,0.779159006892887,-0.16449083173282225,-0.48869350000331757
118,-0.3701941570880328,0.7710942032475023,-0.06613939358558174,-0.5138050178736205
119,-0.3793571961305381,0.7523580847695841,0.031614533501489406,-0.5376299389889894
120,-0.38445745916486895,0.7229484036348794,0.12742131756357522,-0.5597337542123354
121,-0.38610083377061644,0.6830581452447454,0.2199900488531663,-0.5796223725685747
122,-0.384925642825763,0.6330754557505357,0.30811109943152437,-0.5967539419463618
123,-0.3815807674038707,0.5735792832718118,0.39067665106229144,-0.6105527643567099
124,-0.37670403028360855,0.5053307948393047,0.466698764009993,-0.6204249551933798
125,-0.37090142682026467,0.42926073175688384,0.5353246199718771,-0.6257754445535557
126,-0.3647277637835503,0.3464529631331591,0.5958486414085061,-0.6260258774150975
127,-0.3586692262657367,0.2581245883994681,0.6477212652779818,-0.6206329394257393
128,-0.3531283389665253,0.16560302246868353,0.690554229750448,-0.6091066170562786
129,-0.34841172245753116,0.0703005697609207,0.7241223158995476,-0.5910278954175855
130,-0.34472096911117955,-0.026312946158475625,0.7483615705863547,-0.5660654043386092
131,-0.3421468791938338,-0.12273888360715224,0.7633641197055103,-0.5339905432262076
132,-0.34066720732662686,-0.21747916848399246,0.7693697606261043,-0.49469064733621265
133,-0.3401479754185955,-0.30906570186481463,0.7667545970917394,-0.44817980162890414
134,-0.3403483126795044,-0.3960891258606049,0.7560170472406331,-0.39460696232168824
135,-0.34092868886326216,-0.47722629917948356,0.7377616141424298,-0.3342611092834302
136,-0.34146231588965065,-0.5512658644801188,0.7126808569185497,-0.2675732230028006
137,-0.34144940776772637,-0.6171313350705547,0.6815360379657728,-0.19511495627711378
138,-0.34033391147841113,-0.6739011876771451,0.6451369471697344,-0.11759395112697876
139,-0.3375222541460444,-0.7208255194312472,0.6043214167104145,-0.035845833760205476
140,-0.3324035961679914,-0.7573389091441254,0.5599350398769797,0.049176997355856705
141,-0.32437103741303863,-0.783069213352804,0.5128115942983277,0.13641959514606639
142,-0.312843195248635,-0.7978421243039708,0.46375464455247495,0.22474142815413478
143,-0.2972855597610673,-0.8016814176295981,0.41352076194597526,0.3129357442424363
144,-0.27723103346180583,-0.7948049194928064,0.3628047513491139,0.3997509304982797
145,-0.25229908001110257,-0.7776163239494289,0.3122272175945925,0.48391341327356163
146,-0.22221293863385816,-0.7506930887123857,0.2623247385922706,0.5641516001800064
147,-0.18681440717345463,-0.7147707290453882,0.21354284067132562,0.639220335541959
148,-0.14607575598996653,-0.6707239129216693,0.16623189557893553,0.7079253230668047
149,-0.10010840569426827,-0.6195448338385494,0.12064597999301788,0.7691469648154636
150,-0.049168082260183626,-0.5623193990100815,0.0769446593550479,0.8218630741069529
151,0.006343748634113688,-0.5002018185955309,0.035197580314567434,0.86516994161089
152,0.06588227232339813,-0.4343882150233439,-0.004608317927184899,0.8983012680878407
153,0.12876554815664923,-0.3660898895620873,-0.04255923170063304,0.9206445232365138
154,0.19418447417843,-0.29650688567609346,-0.07880288018724395,0.9317543468151385
155,0.26121630675033625,-0.2268024753789262,-0.1135352245798601,0.9313626742731891
156,0.328841456351685,-0.158079166146322,-0.14698593446462369,0.919385342978964
157,0.3959631952174536,-0.09135678273603415,-0.1794030484835918,0.8959250149851263
158,0.46142983549824335,-0.027553121609120962,-0.21103729612426272,0.8612703362163456
159,0.5240588702196913,0.03253239298847499,-0.24212655488759469,0.8158913379665018
160,0.5826625151752745,0.08823170109269936,-0.27288091193394376,0.7604311725817186
161,0.6360740494027954,0.13901748414247184,-0.3034687817407968,0.6956943591030362
162,0.6831743261291752,0.18450875718530127,-0.3340045017872035,0.6226317944224888
163,0.7229178157144773,0.2244726030003963,-0.3645377875714121,0.5423228592428838
164,0.7543575474959165,0.25882207301819876,-0.39504537741942314,0.4559550140463993
165,0.7766683384475516,0.2876103767432967,-0.4254251378603504,0.3648013367837336
166,0.789167732763606,0.31102157457205154,-0.45549283336244406,0.27019649973847704
167,0.7913341269978611,0.32935807610781337,-0.4849816916612272,0.17351171690841732
168,0.7828216190456747,0.3430253251402262,-0.5135448196315745,0.07612921447594295
169,0.7634711945088636,0.3525141214041635,-0.5407604466185405,-0.020583214976660547
170,0.7333179490167918,0.35838108635986055,-0.5661398943546271,-0.11529701908316453
171,0.6925941378241565,0.3612278241295812,-0.5891380970573755,-0.20674651610568362
172,0.6417279422079387,0.3616793583143171,-0.6091664239707008,-0.29375084317437805
173,0.5813379434449175,0.3603624399844891,-0.6256074913329118,-0.3752337593391617
174,0.5122233969908161,0.35788432135853987,-0.6378315932207428,-0.4502408941782351
175,0.43535049940822096,0.3548125736073056,-0.6452143324363657,-0.5179540959330912
176,0.35183493615327766,0.3516564962900596,-0.647154994846676,-0.5777026042558728
177,0.2629210871858217,0.34885062095451763,-0.6430951843613305,-0.6289708499000098
178,0.16995834733239162,0.34674075358574635,-0.6325372217697444,-0.6714027651496883
179,0.07437508744197135,0.3455729313597768,-0.6150618093608096,-0.7048025724592794
180,-0.022349161068417167,0.34548559032515724,-0.590344474718373,-0.7291321026032966
181,-0.11871267306715222,0.34650515421958383,-0.5581703310939965,-0.7445047755648921
182,-0.213220995126864,0.3485451628399119,-0.5184467277643915,-0.7511764554140414
183,-0.3044162447233127,0.3514089635680122,-0.4712134109382008,-0.749533462644998
184,-0.3909055824413311,0.35479589423417446,-0.4166498729577881,-0.7400780921058503
185,-0.4713882162933063,0.3583107919112141,-0.3550796333631021,-0.7234120402028821
186,-0.544680332510131,0.3614765728672364,-0.2869712682428002,-0.7002181901721263
187,-0.6097373969282349,0.36374954604822624,-0.21293608240782896,-0.6712412378166989
188,-0.6656733341452226,0.3645370482344561,-0.13372240036256133,-0.6372676614373022
189,-0.7117761664000468,0.36321692532136163,-0.050206534807731046,-0.5991055482697087
190,-0.7475197788145246,0.35915833265545727,0.036619426562839785,-0.557564785440619
191,-0.7725715701300733,0.3517432893416801,0.1256627959511848,-0.5134381064389175
192,-0.7867958461170514,0.34038839792342424,0.21574812749630645,-0.4674834548664951
193,-0.7902529140183927,0.32456613244807164,0.30563736403021446,-0.42040808657993634
194,-0.7831939382348472,0.3038251049157477,0.39405186652271657,-0.37285478034361674
195,-0.7660517174734558,0.27780874232611374,0.4796958544195473,-0.3253904671250402
196,-0.7394276393192077,0.24627184346205688,0.5612807463944074,-0.27849752073503115
197,-0.7040751573174479,0.20909453528280295,0.6375498644324025,-0.23256787939332352
198,-0.6608802160027433,0.1662932120961034,0.7073029503397846,-0.18790009086630194
199,-0.6108391189311464,0.11802811497460125,0.7694199431196196,-0.14469929505275103
200,-0.5550343919874532,0.06460729233095652,0.8228834782276607,-0.10308007930115447
201,-0.4946092376780074,0.006486773091393366,0.8667995952657195,-0.06307206533502276
202,-0.4307412047569763,-0.05573312075148701,0.9004161785991465,-0.024628014388523523
203,-0.36461571071251875,-0.12131529765479082,0.9231387048141853,0.012365829148174884
204,-0.2974000520866057,-0.1893971338079094,0.9345429306898915,0.048077493921626524
205,-0.23021851943631408,-0.259005206606321,0.9343842240219149,0.08271552549753222
206,-0.1641292004710762,-0.32907321634439596,0.9226033155573463,0.11651414489266126
207,-0.10010300739958503,-0.3984627049172006,0.8993283316550569,0.1497177764400725
208,-0.03900540402376951,-0.46598610635073,0.864873052115692,0.18256541531493486
209,0.018418763821731077,-0.5304316011586839,0.81973142388329,0.21527530822133087
210,0.07155701243331335,-0.5905891964592548,0.7645684469242429,0.24803041137143067
211,0.11993730603936176,-0.6452774177705689,0.7002076314728756,0.28096506822470707
212,0.16323234564198266,-0.6933699773845301,0.6276153039949972,0.31415331605644226
213,0.2012600195759937,-0.7338217787701397,0.5478821107775252,0.34759918615103236
214,0.23398007218946842,-0.765693626768337,0.46220213127984094,0.38122930840235325
215,0.26148714277805996,-0.788175039208039,0.37185006676339544,0.4148880687356902
216,0.28400041823351285,-0.8006045964090206,0.27815701197299925,0.44833549864158023
217,0.30185022751073787,-0.8024873198797485,0.18248534777307862,0.48124800200319445
218,0.3154619818648559,-0.7935086390577212,0.08620330993911718,0.5132219472062806
219,0.32533792997175254,-0.7735445835486214,-0.009340206622272085,0.5437800742253625
220,0.33203724990727895,-0.742667926096,-0.10284005816801817,0.5723805889950128
221,0.33615503921677514,-0.7011500963209816,-0.1930579491193805,0.5984287428926429
222,0.33830078899909743,-0.6494587848025106,-0.278843722660712,0.6212906255031945
223,0.3390769374660783,-0.5882512588919091,-0.35915439809920324,0.6403088358102752
224,0.33905809261077524,-0.518363513281883,-0.43307056482513984,0.6548196422032824
225,0.338771492605302,-0.44079547729161356,-0.4998098083768761,0.664171196640976
226,0.33867923691297686,-0.35669259466172115,-0.5587369171321119,0.6677423341613381
227,0.339162771771084,-0.26732417807601094,-0.6093706967046738,0.6649614665965237
228,0.34051005195460393,-0.17405901751991898,-0.6513873012804283,0.6553250694643649
229,0.34290572815682546,-0.07833878706323022,-0.6846200748493527,0.6384152638776466
230,0.34642462778024463,0.018350152890404647,-0.7090559785228527,0.6139160109308249
231,0.35102870850797385,0.11450592269906928,-0.7248287608241264,0.5816274640628823
232,0.35656757098215447,0.20864060183321392,-0.7322091040306746,0.5414780647128319
233,0.3627825216284114,0.2993093532938054,-0.7315920494764845,0.4935340172415399
234,0.36931408156795,0.3851385377879926,-0.7234820664941057,0.43800583937610227
235,0.3757127450805004,0.4648521859830469,-0.7084761819070157,0.37525175288240575
236,0.3814527035855615,0.5372962369346233,-0.6872456284247255,0.30577775411933106
237,0.385948170835155,0.6014600047225865,-0.660516499974761,0.23023428373983967
238,0.3885718740155666,0.6564944020979004,-0.6290499192496037,0.14940949712190457
239,0.38867521556299167,0.7017265279027278,-0.5936222271897865,0.06421922010493994
240,0.3856095632533949,0.73667031225395,-0.5550056957226392,-0.024306243778565995
241,0.37874809275777727,0.761033007833452,-0.5139502441086519,-0.11503821017807053
242,0.36750758823812635,0.7747174147875886,-0.4711666063062313,-0.20676829765246396
243,0.3513696032036723,0.777819828270112,-0.42731135274167875,-0.2982293153136041
244,0.3299003958735383,0.7706237990773126,-0.38297411593113695,-0.38811791458897643
245,0.3027690804354568,0.7535898966388226,-0.3386673069578021,-0.47511851870254995
246,0.2697634772035961,0.7273417574268739,-0.29481854048369743,-0.5579280083104567
247,0.23080319974943483,0.6926487883434111,-0.2517659115626992,-0.6352806189132709
248,0.18594958425474828,0.65040597173519,-0.20975618993652462,-0.7059724958027768
249,0.1354121439553403,0.6016112845045534,-0.16894591872933587,-0.768885355674629
250,0.07955131768197668,0.547341296743657,-0.12940532652661477,-0.8230087206102803
251,0.01887737401785744,0.488725554158623,-0.09112488672169371,-0.8674602195389085
252,-0.045954570828279084,0.42692037235701175,-0.054024287655163275,-0.9015034938534027
253,-0.1141533651025691,0.36308267930997895,-0.01796351325071699,-0.9245632965960412
254,-0.18480430978603832,0.2983445348211241,0.01724432180955604,-0.9362374372947289
255,-0.2568850751533297,0.23378893287826755,0.05181878441303481,-0.9363052956216036
256,-0.3292847091472534,0.17042745495859732,0.08599702022995953,-0.9247327048556842
257,-0.4008253204253486,0.1091802906951137,0.12001819689455259,-0.9016730887876301
258,-0.4702859481573409,0.05085907812996926,0.15410796569602137,-0.8674648212155642
259,-0.5364280715798678,-0.0038470592761208067,0.18846341325537969,-0.8226248634828424
260,-0.5980221664601375,-0.054381985726497106,0.2232389611033676,-0.767838820519158
261,-0.6538746841703814,-0.1003293339562789,0.2585336453694082,-0.703947637513602
262,-0.7028548128607734,-0.14141548695225575,0.2943801716010385,-0.6319312357026232
263,-0.7439203796949947,-0.1775087510871957,0.33073609200900456,-0.5528894549587019
264,-0.7761422683439129,-0.2086148083922233,0.367477395396011,-0.46802073125280336
265,-0.7987267565945165,-0.23486863007579226,0.40439473513525537,-0.37859898718988616
266,-0.8110352243136763,-0.25652312263878824,0.4411924494781084,-0.2859492524865481
267,-0.8126007410348898,-0.2739348597978978,0.4774904530078963,-0.19142255756146148
268,-0.8031411136965163,-0.2875473258689357,0.5128290001518429,-0.09637065673328327
269,-0.78256805683195,-0.2978721574737227,0.5466762433137122,-0.002121137577309584
270,-0.750992237814053,-0.3054689188992868,0.5784384314086715,0.09004654018351116
271,-0.7087240463917881,-0.3109239809608105,0.6074725213463521,0.1789235589256939
272,-0.6562700383712214,-0.3148290929567152,0.6331009072089857,0.26339233142870355
273,-0.5943251054292156,-0.3177602417864609,0.6546279112667936,0.3424447336240435
274,-0.5237605242100609,-0.3202573814450031,0.6713576291420719,0.4151976116283996
275,-0.44560813556701584,-0.3228055902155942,0.6826126797385277,0.4809052608385931
276,-0.36104099668006395,-0.325818172637126,0.6877533801026757,0.5389686496012696
277,-0.2713509325581936,-0.3296221697679859,0.6861968470080733,0.5889412396440084
278,-0.17792348706557065,-0.3344466757851103,0.6774355212773623,0.6305313380938231
279,-0.08221083529333384,-0.34041428322542167,0.6610546178920808,0.6636009994718592
280,0.01429673267883097,-0.34753589513610045,0.6367480246754509,0.6881615784818059
281,0.11010011300396988,-0.3557090521986502,0.6043322043381599,0.7043661136796888
282,0.20372081252026591,-0.364719828833925,0.5637576982122867,0.7124987962851712
283,0.29372983245672524,-0.3742482567827656,0.5151178840330812,0.7129618456616635
284,0.37877536113430454,-0.38387714012877566,0.4586547033653515,0.7062601717249619
285,0.45760865472671547,-0.39310403460095733,0.3947611451797822,0.6929842533247055
286,0.5291075293413317,-0.4013560785945136,0.32398034893709904,0.6737916993197104
287,0.5922969456573638,-0.4080072858646703,0.24700127145340556,0.6493879847569591
288,0.6463662376839553,-0.41239784226923576,0.16465094481036305,0.620506867687234
289,0.6906826181404151,-0.4138548930000723,0.07788343559261013,0.5878909924457884
290,0.7248006825197805,-0.4117142638993665,-0.012234303269933966,0.552273172754359
291,0.7484677298714993,-0.4053425318212295,-0.10453941981574355,0.5143588231403712
292,0.7616248183679104,-0.39415884533441065,-0.19779265026718884,0.4748099706103235
293,0.7644035753469938,-0.37765589875117234,-0.2906999036000245,0.43423123123759166
294,0.7571188822564616,-0.35541947950923697,-0.38193548693191093,0.39315807957892807
295,0.7402576522952518,-0.32714604093825683,-0.4701664718762573,0.3520476741013635
296,0.7144640101778418,-0.29265779864278346,-0.5540776704589188,0.31127243076279176
297,0.68052126710018,-0.25191490800509064,-0.6323966702295332,0.27111646138100043
298,0.6393311576305377,-0.20502435119669288,-0.7039183723235087,0.23177491539119
299,0.5918908671029616,-0.1522452428360025,-0.7675284836294616,0.19335618503521418
300,0.5392684266686739,-0.09399035203941744,-0.822225434749451,0.1558868569600181
301,0.4825770873078711,-0.03082373287995041,-0.8671402286430006,0.11931921959920416
302,0.4229493030265402,0.036545547158174596,-0.9015537699446491,0.08354106745107817
303,0.36151095674600525,0.10727349269704134,-0.9249112808720629,0.04838748219080266
304,0.29935645001128053,0.18039489507498488,-0.9368334750625161,0.013654218023113174
305,0.23752524996272298,0.2548403983476126,-0.9371242340222945,-0.0208877238660935
306,0.17698044477775157,0.3294565525182447,-0.9257746103827544,-0.055476778382678865
307,0.11858980310086933,0.40302841191845484,-0.9029630659130907,-0.09034522335914925
308,0.06310976527843604,0.47430416925804814,-0.8690519382236332,-0.12570378363708443
309,0.011172716234704907,0.542021260693237,-0.8245802162295903,-0.16172690058001016
310,-0.03672219644582092,0.6049333357374563,-0.7702527886550552,-0.19853911748282477
311,-0.08021452803674224,0.6618374590385923,-0.7069264101093571,-0.2362030016639906
312,-0.11908421073026643,0.7116008996836748,-0.6355927036288836,-0.2747089831400842
313,-0.15324945865062092,0.753186868100012,-0.5573585852584634,-0.3139674387315837
314,-0.18276102257865823,0.7856785807414868,-0.4734245536476921,-0.3538032905351893
315,-0.20779300594839467,0.8083010681325812,-0.3850613343884335,-0.3939533204500959
316,-0.22863054060393395,0.8204401916634916,-0.2935854038106158,-0.4340663295807259
317,-0.24565469967962864,0.8216583976016886,-0.20033393936546945,-0.4737061947180439
318,-0.2593250938159533,0.8117068115928465,-0.10663975304731205,-0.5123577956868915
319,-0.27016065403151446,0.790533361659135,-0.013806760348722247,-0.54943570914698
320,-0.278719148519735,0.7582867103096134,0.07691347985376196,-0.584295488458568
321,-0.28557601034208213,0.7153158746027992,0.16434364886631514,-0.6162472774265512
322,-0.29130306772406245,0.662165514450866,0.2474005112722587,-0.6445714399729443
323,-0.29644776807941875,0.5995669716521184,0.3251123061740629,-0.6685358297644333
324,-0.3015134710330634,0.5284252425852474,0.3966333372743589,-0.6874142750532086
325,-0.3069413550107858,0.4498021637394503,0.46125548252991194,-0.7005058157614048
326,-0.3130944372145742,0.3648961789339118,0.5184164203774334,-0.7071542031747885
327,-0.32024414916229843,0.2750191380029653,0.5677044501209103,-0.7067671582440277
328,-0.32855984092013013,0.18157064691083225,0.60885986698752,-0.6988348828492009
329,-0.3381015084640575,0.08601054699387378,0.641772935553772,-0.6829473295729587
330,-0.34881595228538204,-0.010169855100791547,0.6664785866641177,-0.6588097593362353
331,-0.36053648360885776,-0.10547715627343512,0.6831480406101792,-0.6262561521469476
332,-0.3729861997634777,-0.1984451608173527,0.6920776313095586,-0.5852600833604885
333,-0.3857847547553878,-0.2876634580927604,0.6936751707649219,-0.5359427351319326
334,-0.39845845737824426,-0.3718046313973462,0.6884442486332629,-0.47857777877688273
335,-0.4104534396532067,-0.4496494893417239,0.6769669069575666,-0.4135929369511572
336,-0.42115155530906545,-0.5201097595444182,0.6598851639356317,-0.341568113126865
337,-0.42988859352200903,-0.5822477463329276,0.6378818822389337,-0.2632300578604451
338,-0.4359743291480197,-0.6352925278422551,0.611661486370292,-0.17944362480460324
339,-0.43871387884938434,-0.678652351621713,0.5819310297038598,-0.09119975225323051
340,-0.4374297941859169,-0.7119229795277463,0.5493820953467614,0.0003996138185067277
341,-0.4314842989175907,-0.7348918300377614,0.5146739862790347,0.09415936373507477
342,-0.42030106909027287,-0.7475378667710497,0.47841862015114717,0.188811474645047
343,-0.40338596121109965,-0.7500272834741601,0.44116749371597863,0.28303724636614813
344,-0.38034611583769534,-0.7427051355297882,0.4034010224703941,0.37549105035233593
345,-0.35090690069360275,-0.7260831637352356,0.36552049423034677,0.46482507966270936
346,-0.31492620809665545,-0.7008241453300688,0.32784280279691835,0.5497145599586218
347,-0.27240568481135874,-0.6677231878574067,0.2905980514628393,0.628882866491049
348,-0.22349854685525056,-0.6276864514620294,0.25393003782801626,0.701125990170998
349,-0.16851371546468394,-0.5817078429693402,0.21789955324887755,0.7653358072259412
350,-0.1079161012840939,-0.5308442691684535,0.1824903542444593,0.8205216313921159
351,-0.04232295962623908,-0.47619006609793324,0.14761759126790774,0.8658295645139297
352,0.027503662027070552,-0.41885123512883826,0.1131384142655188,0.900559209948814
353,0.10066826470830889,-0.35992011496549847,0.07886441607361806,0.9241773721538569
354,0.17615681122957366,-0.3004511014380327,0.04457552543732113,0.9363284338489837
355,0.25285490518803916,-0.24143799462851867,0.01003492253423377,0.936841177575921
356,0.32956884471143244,-0.18379350631549693,-0.024995477656106352,0.9257318994874146
357,0.40504908498940484,-0.12833140115230623,-0.060739444274547305,0.903203747853578
358,0.4780155797843625,-0.07575167394970347,-0.09739122495094067,0.8696423050195944
359,0.5471844209903962,-0.02662908473063584,-0.13510117924867704,0.82560751730918
360,0.6112951582243099,0.01859471507867462,-0.17396269298755898,0.7718221605727424
361,0.6691381583534664,0.059615325619366194,-0.21400078166904735,0.70915710772132
362,0.7195813583882256,0.09626596767999272,-0.25516274675157913,0.6386137367744109
363,0.7615957745002702,0.12851413202792075,-0.29731119427759367,0.5613038819478054
364,0.7942791548913261,0.15645465842282472,-0.3402196627190715,0.4784277845842951
365,0.8168772042597348,0.18029948472715876,-0.38357103747849147,0.3912505439939977
366,0.8288018617516418,0.2003643909225031,-0.42695885502738057,0.301077599500493
367,0.8296461812463042,0.21705313852746577,-0.4698915220852099,0.20922979345984216
368,0.8191954409970745,0.2308394709989029,-0.511799396520352,0.11701857032095081
369,0.7974341971404338,0.24224749355871783,-0.5520445988081856,0.025721858840698886
370,0.7645490902693988,0.25183099020998645,-0.5899333479076425,-0.06343883640617065
371,0.7209273138409185,0.260152260516968,-0.6247305452461849,-0.14931964151590488
372,0.667150755221378,0.2677610684204085,-0.6556762669480662,-0.23087337006885594
373,0.60398592217992,0.2751742897201821,-0.6820037691522945,-0.30716603807636267
374,0.5323698671233448,0.2828568240474015,-0.7029585656910192,-0.377390509407047
375,0.4533924158978087,0.29120430171670514,-0.7178181027422367,-0.4408770160073781
376,0.36827509524984836,0.3005280667135271,-0.7259115322654115,-0.4971003748341246
377,0.2783472309087949,0.3110428554954848,-0.726639075714174,-0.545683804721994
378,0.18501975482238536,0.322857518848489,-0.7194904720216136,-0.5863993293981291
379,0.08975731372110263,0.3359690525896338,-0.7040620191771889,-0.6191648354741515
380,-0.005950689401763909,0.35026011453000194,-0.6800717465428944,-0.6440379344566349
381,-0.10061946508589203,0.365500112056831,-0.647372294759953,-0.6612068536468038
382,-0.19279795421808288,0.38134984934010024,-0.60596113074663,-0.6709786503920042
383,-0.28109703512637363,0.3973696279471235,-0.5559877856760038,-0.6737651058101926
384,-0.3642161875035161,0.41303060199103736,-0.4977578724984159,-0.6700667063398782
385,-0.4409680181814577,0.4277291012136892,-0.4317337148710274,-0.6604551630199545
386,-0.5103001064737762,0.4408035548551743,-0.3585314994447903,-0.6455549482931476
387,-0.5713136924146863,0.45155357785768113,-0.2789149463766858,-0.6260243476663808
388,-0.6232788081243116,0.4592607207246682,-0.1937855766490313,-0.6025365283743346
389,-0.6656455388196663,0.46321033676542855,-0.10416973722696651,-0.5757611192232395
390,-0.6980511935378123,0.4627139867396601,-0.011202624235275183,-0.5463467753049964
391,-0.7203232641356159,0.45713178196945453,0.08389038177297453,-0.5149051688460984
392,-0.7324781521532371,0.44589406332760895,0.17981468758405933,-0.4819968039690902
393,-0.734715744192365,0.4285218252789438,0.27522932721325616,-0.4481189997502889
394,-0.7274100150835137,0.4046453210930779,0.3687711831677737,-0.4136963240575461
395,-0.7110959318837353,0.37402032683007147,0.45908006591195544,-0.37907369185766576
396,-0.6864530183639496,0.33654159672307626,0.5448241042798795,-0.34451226777827954
397,-0.6542860170039557,0.2922531098028719,0.6247248884573279,-0.31018823560160286
398,-0.6155031517351733,0.24135478537529798,0.6975818093024747,-0.27619441904353365
399,-0.5710925481591083,0.18420543135546188,0.762295053171169,-0.24254466064428704
400,-0.5220974074450951,0.12132178234161076,0.817886739717406,-0.2091807908556775
401,-0.46959055464641253,0.05337358137015974,0.8635197306917213,-0.17598194937179937
402,-0.4146489912150832,-0.0188252418848239,0.8985136895983163,-0.14277595720817693
403,-0.3583290748739344,-0.09432914558597016,0.9223580339591129,-0.10935238261733869
404,-0.3016429279434123,-0.17207705703620524,0.9347214923833782,-0.07547689805548624
405,-0.245536638325058,-0.25091162554206864,0.9354580559610215,-0.040906490261240186
406,-0.19087076658984525,-0.32960122992568536,0.9246091958216237,-0.005405061976341746
407,-0.138403609325865,-0.4068642519756951,0.9024023040435939,0.03124104746391393
408,-0.08877759469510497,-0.481395066989442,0.8692454013986374,0.06920809422102886
409,-0.04250910293257294,-0.5518911556120247,0.8257182405924197,0.10862097255159703
410,1.8085587782726287e-05,-0.6170807086306512,0.7725600156586973,0.14954069985873691
411,0.03855560680885023,-0.675750079086214,0.7106539650052016,0.19195373875224148
412,0.07298958297288034,-0.7267704344930791,0.6410092254479612,0.23576350271996416
413,0.1033360318080555,-0.7691229762003224,0.5647403557307843,0.28078433471257913
414,0.12973279458289783,-0.8019221226763966,0.4830449990489746,0.3267381827483135
415,0.1524282516273826,-0.8244360980662825,0.39718019376999647,0.3732541252121506
416,0.17176717556535004,-0.8361044256978993,0.3084378689391444,0.41987082267164544
417,0.18817414481071887,-0.8365518969045775,0.2181200756466974,0.4660418946940112
418,0.2021350010379843,-0.8255986668767692,0.12751450660528524,0.5111441413259938
419,0.214176882817893,-0.8032662192875094,0.0378708443567195,0.5544884516071318
420,0.2248474022055878,-0.7697790379650467,-0.049621546264669414,0.5953331677114162
421,0.23469355092613947,-0.7255619245618763,-0.13385410278523222,0.6328996049511383
422,0.24424092743927417,-0.6712330035375729,-0.21381729648985567,0.6663893666973559
423,0.2539738654839593,-0.6075925573350269,-0.2886162384744835,0.6950030408646136
424,0.26431701899458143,-0.5356079329054586,-0.3574833551003813,0.7179598223471374
425,0.27561891821271406,-0.45639485332622376,-0.4197879013107194,0.7345175748024849
426,0.28813795842445317,-0.371195552895256,-0.47504215901592267,0.7439928262982509
427,0.3020312174014048,-0.28135422871006155,-0.5229042495698806,0.7457801871086124
428,0.3173464219846712,-0.1882903645268817,-0.5631775722115498,0.7393706845945199
429,0.33401730025673215,-0.0934705321170653,-0.5958069621835315,0.7243685295266373
430,0.35186246553809336,0.00162068980703306,-0.6208717410399315,0.7005058599955085
431,0.3705878843250073,0.09551001957810273,-0.6385759054817537,0.6676550524708617
432,0.3897928846509462,0.1867643363774707,-0.6492357681000739,0.625838243600125
433,0.4089795666482072,0.27401845312953543,-0.6532654220314522,0.5752337696856925
434,0.42756538572490044,0.35600117574960816,-0.6511604503174877,0.5161793019263061
435,0.4448985930921449,0.43155906891443613,-0.6434803385425549,0.44917153272607857
436,0.4602761405710607,0.4996774052774665,-0.6308300752109202,0.37486234978400085
437,0.47296358867670574,0.5594978442374292,-0.6138414377276207,0.2940515182892318
438,0.48221650066736377,0.6103324662741506,-0.5931544624925006,0.20767597531027288
439,0.4873027620227392,0.6516738775100243,-0.5693995855504133,0.1167959223221223
440,0.48752523580553775,0.6832011943498326,-0.5431809158304365,0.022577979744167753
441,0.4822441503429759,0.7047818174446594,-0.5150610669269539,-0.07372426056223674
442,0.4708986170373901,0.7164690053694593,-0.4855479265970505,-0.17079188445146792
443,0.45302669289008235,0.71849535880915,-0.45508368690488094,-0.2672640507285869
444,0.42828343412523234,0.7112624232493779,-0.4240363937091637,-0.3617626323121949
445,0.39645643337675945,0.6953267097830381,-0.3926942036335025,-0.452917570347092
446,0.3574783921372193,0.6713825174332236,-0.3612624616097639,-0.5393923880364576
447,0.3114363511174095,0.6402420143162068,-0.32986363447882605,-0.6199093038142127
448,0.25857728208521036,0.6028130972323,-0.2985400579704655,-0.693273389639042
449,0.1993098336457911,0.5600755983783874,-0.2672593776745781,-0.7583952395408218
450,0.13420211809156274,0.5130564426543843,-0.23592249133007342,-0.814311645646297
451,0.06397552453973268,0.46280437867629687,-0.20437373177701595,-0.860203822996298
452,-0.010505357352886324,0.4103649106775008,-0.1724129689855422,-0.8954127794917364
453,-0.0882465212247252,0.3567560469344451,-0.13980925725674848,-0.919451491952007
454,-0.1681417598635413,0.30294545353803237,-0.10631561132924006,-0.9320136219810918
455,-0.24899295016591144,0.2498295609724943,-0.07168446381046639,-0.9329785843631004
456,-0.32953296537207155,0.1982151161467196,-0.03568333689322459,-0.9224128641406717
457,-0.4084507042869796,0.14880360566997242,0.0018897457783113025,-0.9005675643548245
458,-0.48441767092949006,0.10217889899190391,0.041191575770065894,-0.8678722525681
459,-0.5561154954057727,0.058798374511150435,0.08232025583729252,-0.8249252586769964
460,-0.6222637588798268,0.01898770007404025,0.12530329614113686,-0.7724806571085209
461,-0.6816474730479043,-0.01706065623468414,0.17008769051609668,-0.7114322413492047
462,-0.7331435678688712,-0.04928520604406648,0.2165323012962722,-0.6427948660755117
463,-0.7757457604219213,-0.0777496283291599,0.264402820999732,-0.5676835903295782
464,-0.8085872122285099,-0.10263357410576414,0.3133695115827355,-0.48729110282991356
465,-0.830960431379984,-0.12422038422923459,0.3630078487246646,-0.4028639464968584
466,-0.8423339381870824,-0.14288209502959456,0.4128021215509395,-0.3156780827698349
467,-0.8423652873131539,-0.1590621752603601,0.4621519593078432,-0.22701434676949808
468,-0.8309101236740566,-0.17325649491420744,0.5103816777826639,-0.13813434160176774
469,-0.8080270417390801,-0.18599307043670377,0.5567522617280141,-0.05025730423195901
470,-0.7739781160035157,-0.19781116065446563,0.6004757271644864,0.035461553187492334
471,-0.7292250719340259,-0.2092403025896221,0.6407315410637222,0.11795076312224936
472,-0.6744211691373612,-0.2207798758998416,0.676684717271735,0.1962399715346373
473,-0.6103989693713784,-0.23287976898971335,0.7075051581464655,0.269474604706637
474,-0.538154258842135,-0.24592268929913233,0.7323877725526108,0.336927551846658
475,-0.4588264846483105,-0.26020861567512593,0.7505728736164787,0.3980076565906709
476,-0.3736761470379108,-0.27594183321970667,0.7613663447434559,0.45226489019848015
477,-0.28405966033664315,-0.29322092204781214,0.7641590602804296,0.4993921613663916
478,-0.1914022542586839,-0.3120319927460403,0.7584450579891029,0.5392238000863331
479,-0.09716953238852216,-0.33224537499920576,0.743837983980769,0.5717308338321969
480,-0.0028383348365531025,-0.35361587404810063,0.7200853664327717,0.5970132515496904
481,0.09013243330438508,-0.37578661469708524,0.6870803214345258,0.6152895225652428
482,0.18033034737912151,-0.39829639692463953,0.6448703515884134,0.6268837018564242
483,0.2664167393279848,-0.4205903932037348,0.5936629641472618,0.632210508573257
484,0.3471520940627104,-0.4420339278108741,0.5338279089124579,0.6317588099252073
485,0.4214190027743422,-0.46192899498965356,0.4658959150643075,0.626073976471566
486,0.4882421705533765,-0.4795330979746779,0.39055388862770224,0.6157395966785878
487,0.546805048291468,-0.494079926499023,0.3086366163744816,0.6013590478462889
488,0.5964627415425842,-0.5048013381654846,0.22111510556896244,0.5835374169897471
489,0.6367509398001749,-0.5109500703181851,0.12908177002085428,0.562864249134466
490,0.6673907062501453,-0.5118225848267491,0.03373274942273785,0.5398975722195624
491,0.6882890681007305,-0.5067814391477983,-0.06365228097061354,0.5151496081679243
492,0.6995354486033614,-0.495276583433278,-0.16173239135289197,0.48907452973675325
493,0.7013940813764488,-0.4768650052002559,-0.2591292978946418,0.46205856381856836
494,0.6942926431822725,-0.45122817966356765,-0.3544523704226294,0.43441267546222995
495,0.6788074305442979,-0.4181868343904963,-0.44632420573203385,0.4063679947510194
496,0.6556454863469734,-0.3777126002392586,-0.5334062086471556,0.3780740726762478
497,0.6256241528663988,-0.32993619504605265,-0.6144236197914354,0.34959997424359807
498,0.5896485858352964,-0.27515187039676364,-0.6881894391904958,0.3209381392515846
499,0.5486878087518073,-0.2138179429915415,-0.7536267180892796,0.29201086548959426
