,0,1,2,3
0,0.623759124784108,0.0,0.781616628692458,0.0
1,0.6767688471046047,-0.1109730451909951,0.7249154618552601,-0.06454830743649628
2,0.7125761623751526,-0.22316470132852925,0.6534929858180223,-0.12401470228281308
3,0.7306624159338724,-0.333789961483074,0.5687908308871352,-0.17661734414696326
4,0.7309504568017049,-0.44006780693670133,0.47255533732040655,-0.22077864065461164
5,0.7138032822766859,-0.5392907564612204,0.3667972143400715,-0.25516692136497277
6,0.6800117384198003,-0.6288928876154722,0.2537448101336502,-0.2787316681832047
7,0.6307716116435957,-0.7065146293152453,0.13579212827713494,-0.29073140595066155
8,0.5676507106503956,-0.7700627028043485,0.015442855505488073,-0.2907535428186547
9,0.49254678681313413,-0.8177637065642918,-0.10474823602354061,-0.2787256537820737
10,0.4076373685495173,-0.84820999671254,-0.22223508431315925,-0.2549179172582049
11,0.31532278564584504,-0.8603967041865335,-0.3345398740950068,-0.21993663841659555
12,0.2181638278535247,-0.8537489487816424,-0.4393108643426217,-0.17470901848810477
13,0.11881561422308322,-0.8281385524698857,-0.5343770993766751,-0.12045955085274493
14,0.019959342276600678,-0.7838898143471535,-0.6177986736836021,-0.05867863677227836
15,-0.07576636304395767,-0.721774180574843,-0.687911330907502,0.008915789122351359
16,-0.16583277292796936,-0.6429939180539632,-0.7433643179289007,0.08042265600397405
17,-0.24788535845972995,-0.5491551734422939,-0.7831505820178035,0.153807055846053
18,-0.3198034600647741,-0.4422310627048987,-0.8066285885858796,0.22695319822696064
19,-0.3797538262264841,-0.3245156841119041,-0.8135352443491217,0.2977196809643983
20,-0.42623668056929775,-0.19857017329493273,-0.803989630593313,0.36399567622887313
21,-0.458123165404071,-0.06716211702212516,-0.7784874782435716,0.4237566065269368
22,-0.4746832275840612,0.06680019218408856,-0.7378865449338766,0.4751178954534266
23,-0.47560325357256783,0.2003370497075559,-0.6833832785755057,0.5163854241446527
24,-0.46099301894023686,0.33046848106476684,-0.6164813664635688,0.5461014047906516
25,-0.43138178662593557,0.4542854862904903,-0.5389529684122539,0.5630844953937628
26,-0.3877036614754141,0.5690196366914203,-0.452793611823462,0.5664631223919044
27,-0.3312725789814875,0.6721093141928898,-0.3601718815225235,0.5557011462563695
28,-0.263747567022804,0.7612609659325212,-0.26337516380241066,0.5306151955316486
29,-0.1870891642088942,0.8345038695517233,-0.16475279927497272,0.4913832022667019
30,-0.10350810106225514,0.89023706475216,-0.06665806048958967,0.4385438912215175
31,-0.015407545133588912,0.9272673001416452,0.028609603655392446,0.37298720114725337
32,0.07467962662246586,0.9448370663845507,0.11886062453663859,0.2959358431959965
33,0.16415693934766534,0.9426420316778248,0.20206828479166655,0.20891842345677486
34,0.2504321410961348,0.920837457504476,0.27641729697384104,0.1137347681950135
35,0.3309850146963661,0.880033444960489,0.34034679562606573,0.012414286306081712
36,0.40343346176777695,0.8212791379383028,0.3925866905967842,-0.09283162111937064
37,0.465596182488692,0.7460362822200484,0.4321864975604646,-0.19966194376912058
38,0.5155503592569177,0.6561428023071655,0.4585359516920921,-0.30566195552667413
39,0.5516828768789173,0.5537673040601649,0.47137691752242916,-0.40840124625127117
40,0.5727337732652256,0.44135563482566076,0.47080632698474645,-0.505492463880666
41,0.5778308087731205,0.32157082813475446,0.45727010307636573,-0.5946493183026942
42,0.5665142644770578,0.19722792241750947,0.4315482527635787,-0.6737424139087529
43,0.5387513242173652,0.07122526846663713,0.3947315341028114,-0.7408515288306641
44,0.494939656171149,-0.05352597450261132,0.34819031350441904,-0.794313044324733
45,0.43590008039005534,-0.17417241151110024,0.29353642436017086,-0.8327613454995356
46,0.3628584824947112,-0.2879873109929792,0.23257901301622547,-0.8551631616791423
47,0.2774174036648028,-0.392436132068576,0.16727550794001228,-0.8608439875112947
48,0.18151799646917133,-0.48523706744993617,0.09967896916510938,-0.8495059201892501
49,0.07739327845580851,-0.5644151154978695,0.03188316468293877,-0.8212364590403843
50,-0.03248616529592536,-0.6283483577971185,-0.03403322384430672,-0.7765080360130173
51,-0.14547268875748914,-0.6758053142556245,-0.09606184322914378,-0.7161682737492236
52,-0.2588068014215511,-0.7059724712748585,-0.1523179512548923,-0.64142119630203
53,-0.36968547537559493,-0.7184713243970566,-0.2010903826902087,-0.5537998404703319
54,-0.4753318439751347,-0.7133645388735517,-0.2408869267489522,-0.4551309276487022
55,-0.573064555725909,-0.6911511032766839,-0.27047396063308043,-0.34749245175909094
56,-0.6603650528847169,-0.6527506258180754,-0.28890932952812887,-0.2331652133880242
57,-0.7349410933528693,-0.5994771935913509,-0.2955676345176909,-0.11457947936146606
58,-0.7947849254643994,-0.5330034747822852,-0.29015728205472274,0.005741933052128445
59,-0.8382246560165177,-0.4553159865082219,-0.2727288570561451,0.12524276028930742
60,-0.8639675191145291,-0.368662670316965,-0.24367460114910028,0.2413931444442381
61,-0.8711339529592748,-0.2754941080310349,-0.203719002592197,0.35174877458858633
62,-0.8592816186368814,-0.17839986782149517,-0.15390072928424886,0.45400787720019725
63,-0.828418743638964,-0.08004159022886279,-0.09554635541975223,0.546064669235502
64,-0.7790064370639901,0.016915496657694817,-0.030236540260748374,0.6260579754453661
65,-0.7119498966555544,0.10987090646406877,0.04023449104465063,0.6924138316753113
66,-0.6285787032233866,0.19635534786751516,0.11390514445905617,0.7438810451164859
67,-0.5306166687146472,0.2740936307106638,0.18869716704760647,0.7795588570686791
68,-0.42014196351735233,0.3410624444766978,0.2624695896228316,0.7989160493960461
69,-0.2995384900283343,0.39554155910286304,0.3330745382467001,0.8018010476332453
70,-0.17143968709204027,0.4361571647446306,0.39841350151385313,0.7884427963671046
71,-0.038666138194131616,0.4619162658010045,0.45649262668612567,0.7594424105400029
72,0.09584148941588672,0.4722312702941049,0.5054756396881042,0.715755834027821
73,0.2290925310415684,0.46693416290899964,0.5437330411795387,0.6586679585793518
74,0.358117716944809,0.44627991245392684,0.5698863219841673,0.589758866457903
75,0.4800401183969478,0.4109390356278874,0.582846063820942,0.5108630536798495
76,0.5921439052996083,0.36197951199712497,0.5818429425069539,0.4240226627972869
77,0.6919392268720712,0.3008385131531989,0.5664508268215861,0.3314359004582854
78,0.777221622353667,0.22928466544565568,0.5366013626573066,0.23540193187764824
79,0.8461245036308338,0.14937180403609504,0.4925896440414,0.1382636289761135
80,0.8971634228160154,0.06338539034341206,0.43507079481209193,0.04234959921461168
81,0.9292710408265361,-0.026217050121347812,0.36504751163150806,-0.05008306316257993
82,0.9418219428892411,-0.11686996162683609,0.2838488449560099,-0.13690388299392797
83,0.9346466979159957,-0.20596664279347088,0.19310071392272088,-0.21616060328757197
84,0.9080348246149994,-0.29092728839342086,0.09468885837193355,-0.2861260041566967
85,0.8627266014122987,-0.36926646489650483,-0.009284878769592386,-0.3453387903851194
86,0.7998939329395579,-0.43865830948506884,-0.11655187752084632,-0.39263754712527676
87,0.7211107561454605,-0.49699779835933783,-0.22473047228278525,-0.4271869387339108
88,0.6283137272909213,-0.5424565277534685,-0.3313827736427998,-0.44849552163677875
89,0.52375417077673,-0.5735315877514027,-0.4340731860637912,-0.4564247534761515
90,0.4099424859725924,-0.5890862813236982,-0.5304271821047511,-0.4511890023429658
91,0.28958639362484767,-0.5883816447036321,-0.6181888846704588,-0.433346586086814
92,0.16552455441651065,-0.5710979551999527,-0.6952760356108838,-0.40378209687511135
93,0.04065720509473503,-0.537345663064546,-0.7598309911428952,-0.36368048470932857
94,-0.08212447052386745,-0.487665448840946,-0.810266480524354,-0.3144935800403719
95,-0.20000848918177766,-0.423017380100882,-0.8453049918079375,-0.2578999248010564
96,-0.31033000220120377,-0.34475941482443473,-0.8640108041903545,-0.19575894836775576
97,-0.4106353409508182,-0.2546157660645834,-0.8658138665973671,-0.13006066600347232
98,-0.49874059771056684,-0.15463589727596422,-0.8505249222430938,-0.06287218870329567
99,-0.5727833039033343,-0.04714515341097862,-0.81834149401153,0.003717587714273711
100,-0.6312659413407969,0.06531175630272003,-0.7698445702927165,0.06765370191344916
101,-0.6730902271262132,0.18003302736761173,-0.7059860597872412,0.12696983338620282
102,-0.6975813440454123,0.2942262383614424,-0.6280673110892846,0.17984060120158588
103,-0.7045015398835582,0.405077388646235,-0.5377092129274755,0.22463012229475698
104,-0.6940527848472706,0.5098207790113308,-0.43681459832030883,0.25993559169204833
105,-0.6668684495166223,0.6058079951258403,-0.3275238654397986,0.2846247734268395
106,-0.6239942396818551,0.690574273354488,-0.2121648949676761,0.29786644518666255
107,-0.5668588922029068,0.7619005910759001,-0.09319848402727421,0.2991530180755437
108,-0.4972353909889784,0.8178699275965646,0.026839373100537633,0.2883147508068193
109,-0.41719369797561595,0.8569162845081821,0.14539695004901027,0.2655251901996667
110,-0.329046204703467,0.8778652323535405,0.25996654939493924,0.23129769171091347
111,-0.235287290528662,0.8799649593295724,0.36814310328061556,0.18647309933259515
112,-0.13852851912967423,0.8629070322783986,0.46768018674918976,0.13219888787152745
113,-0.04143111219951755,0.8268363345700627,0.5565420816819426,0.06990028679327243
114,0.0533625946354024,0.7723499133402872,0.632950627657652,0.0012441080398646887
115,0.14329698518165213,0.7004847432510872,0.6954257256957167,-0.07190381457817052
116,0.22596857666920933,0.6126946886570295,0.742818518466417,-0.1475265043065622
117,0.2991873682922002,0.5108172139492476,0.7743364522279859,-0.22350783283475975
118,0.36103258199393645,0.3970306462452722,0.7895596269595914,-0.2976873127230746
119,0.40990139552903726,0.27380302916220256,0.7884480568940466,-0.36791630671248166
120,0.44454944517439543,0.14383381531285527,0.7713396885481405,-0.4321142317005312
121,0.46412208335400323,0.009989823196860426,0.7389392518084168,-0.4883233327544907
122,0.4681756096830325,-0.12476297311390111,0.6922982459768162,-0.5347606358503988
123,0.45668794668357693,-0.2574301492303034,0.632786581288738,-0.5698657562638018
124,0.430058497351251,-0.3850602959616112,0.5620566018556983,-0.5923433410112441
125,0.38909719420326794,-0.5048154910070791,0.48200040315589027,-0.6011990559373702
126,0.33500302159626505,-0.6140390468311292,0.3947015214555158,-0.595768187677718
127,0.26933255815650314,-0.7103188717249136,0.30238220982141173,-0.5757361138332747
128,0.19395933748322525,-0.7915448892921106,0.2073476222846676,-0.5411500967120887
129,0.11102505657961612,-0.855959108383,0.11192830159754613,-0.49242207189479303
130,0.02288386694601005,-0.9021971171896093,0.018422405077711868,-0.4303223272844516
131,-0.06795884220624751,-0.9293199872890245,-0.07096089369065167,-0.35596419561205384
132,-0.15891161996504652,-0.9368358106086943,-0.15415542208311472,-0.2707801079171326
133,-0.24736443991389245,-0.9247103486889741,-0.2292881069159089,-0.176489571704731
134,-0.3307567884257412,-0.8933665428587332,-0.2947239173285346,-0.07505983989757353
135,-0.4066446307324093,-0.8436729093249984,-0.3491045467705357,0.03133977970146104
136,-0.47276455744701734,-0.7769211178610501,-0.3913798877786815,0.140388864536362
137,-0.527093483784692,-0.6947933199304617,-0.42083153565333387,0.24967082434954657
138,-0.5679023841341497,-0.5993200450679951,-0.4370877584311553,0.35673051047544846
139,-0.593802693131021,-0.4928297168661063,-0.4401295856635955,0.45913307398575964
140,-0.6037841872716916,-0.3778910462125614,-0.4302878920622404,0.5545226256318785
141,-0.5972433738230185,-0.2572497343695006,-0.40823157846986274,0.6406792527710906
142,-0.5740016510214647,-0.13376105773769215,-0.37494717619775875,0.715572986577089
143,-0.5343127593941849,-0.010320006262222181,-0.3317104159463115,0.777413385897133
144,-0.4788593120875869,0.11020929406635938,-0.28005050391914743,0.8246935103315822
145,-0.4087384656622032,0.22506312871547296,-0.22170803032040476,0.856227191855268
146,-0.3254370650733418,0.33164499418810395,-0.15858759463025027,0.871178678191687
147,-0.2307968607022818,0.42758800241214967,-0.0927063639116632,0.8690839081316802
148,-0.12697064473104214,0.5108113542639275,-0.026139881622700256,0.8498628844233558
149,-0.016370382628354933,0.5795694962502337,0.039033487529892864,0.8138228286550486
150,0.09839138267995069,0.6324927584431077,0.10078805795026205,0.7616520292797565
151,0.2145654062984979,0.6686184855946824,0.15720485244484378,0.6944045229610974
152,0.3293333147485198,0.6874119116112414,0.20652278223043005,0.6134759750728093
153,0.4398772007402598,0.6887762842839915,0.24718567215095963,0.5205713418544369
154,0.543449509800121,0.6730520159488089,0.27788393111559617,0.4176650990362917
155,0.6374414792806572,0.6410049098692033,0.2975898034560146,0.3069550046750706
156,0.7194484236915144,0.593803784766054,0.30558529934867723,0.19081052294693618
157,0.7873302362397465,0.53298808425351,0.30148208758599204,0.0717171667819464
158,0.8392655930886044,0.46042630739114077,0.28523283716932246,-0.04778188276041884
159,0.8737985012497538,0.37826632490985446,0.25713371034530463,-0.16514545605899777
160,0.8898760193875265,0.2888788472234508,0.21781793339916097,-0.277893917953554
161,0.8868761984603514,0.19479548007951325,0.16824059714955647,-0.38366708357098905
162,0.864625530647817,0.09864293740876313,0.10965506100467699,-0.4802791170219837
163,0.8234054544097619,0.0030750752775977608,0.04358154707638259,-0.5657690786131039
164,0.7639477343467951,-0.08929553650517862,-0.028231291122752522,-0.6384458947696284
165,0.6874188100443768,-0.1759647789281682,-0.10385086242337496,-0.6969266636797974
166,0.5953934814311779,-0.2546011918374042,-0.18121007681168338,-0.7401673752916553
167,0.4898185625650584,-0.3231056088300886,-0.25816048547526316,-0.7674853125945896
168,0.37296738459704454,-0.3796647186883338,-0.33252778290010865,-0.7785726074103081
169,0.2473862557613894,-0.42279720698206746,-0.402168270008832,-0.7735006430680104
170,0.11583418594397071,-0.4513913190629444,-0.46502485058953746,-0.7527152228934204
171,-0.018782649280259245,-0.4647329022328595,-0.5191811423026947,-0.7170226517659739
172,-0.1534800994451227,-0.4625232249777508,-0.5629123281668903,-0.6675671024161002
173,-0.28526718811840573,-0.44488612879855066,-0.5947314535223892,-0.6057998530676636
174,-0.4112174742943625,-0.4123643368973027,-0.6134299851001372,-0.5334411831404291
175,-0.5285388749246367,-0.3659050170625853,-0.6181115902169311,-0.45243589404613255
176,-0.6346402350168069,-0.30683496671040356,-0.6082182617634744,-0.36490357816696706
177,-0.7271930119788783,-0.23682604940305427,-0.58354810438262,-0.2730848870309042
178,-0.8041865616348635,-0.15785175774846427,-0.5442643043291243,-0.17928514633051304
179,-0.8639756715785594,-0.07213600123031377,-0.4908950248021496,-0.08581672838889864
180,-0.9053191793361277,0.017904586363626546,-0.42432419458391424,0.005058379584443828
181,-0.9274087334021983,0.10972336157080086,-0.3457733849671917,0.09118438124625383
182,-0.9298869991138299,0.2007098224610134,-0.2567751925458359,0.17056446446957113
183,-0.912854872465398,0.28825752353381784,-0.15913875792166962,0.24140927419940122
184,-0.8768675368517114,0.36983203593316655,-0.054908247443916286,0.3021798675884616
185,-0.8229194735954266,0.44303723219177765,0.05368469817972624,0.35162409480953427
186,-0.7524188101091959,0.5056782154441295,0.16427339259534313,0.38880551578432776
187,-0.6671516528767176,0.5558192959092421,0.274412130628284,0.41312415194813
188,-0.5692372995651414,0.5918355403825846,0.38163444226020177,0.42432857835006166
189,-0.4610754493645109,0.612456580429571,0.48351214500368833,0.4225190797061844
190,-0.3452867275053242,0.616801557955692,0.5777137435491593,0.40814181901210383
191,-0.22464800394783774,0.6044043080274605,0.6620607391866904,0.3819741933529978
192,-0.1020241133985626,0.5752281227168262,0.7345804608172979,0.34510177296901395
193,0.019702329057264656,0.5296697002528026,0.7935541131580924,0.2988874309061864
194,0.13770127746339217,0.46855215438516895,0.8375588539501149,0.24493346642657038
195,0.2492640287191124,0.39310723283946497,0.8655028577259106,0.18503770087281995
196,0.3518687212234632,0.3049471642270821,0.876652495378351,0.12114467549725579
197,0.4432409429955533,0.20602681301196507,0.8706509521401393,0.055293203108673014
198,0.5214079578181029,0.09859706562189569,0.8475278168405609,-0.010438383791607761
199,0.5847452189589534,-0.014849408559789536,0.8076993972377973,-0.0739878886830013
200,0.6320140340205852,-0.13163868529727954,0.7519597443248484,-0.13336438898423397
201,0.6623894665979814,-0.24898090755917807,0.6814625971144899,-0.1867014486955778
202,0.6754778051380973,-0.3640387844328944,0.5976946828495533,-0.23230704743465902
203,0.6713231905763205,-0.47399756806841276,0.5024410203131926,-0.26870895103493875
204,0.6504032654539909,-0.5761347703749412,0.3977430706493901,-0.2946943643882488
205,0.6136139815284739,-0.6678878850358205,0.2858507559645385,-0.30934285188065586
206,0.5622439735275294,-0.7469184274664398,0.16916951660211949,-0.31205168096910063
207,0.4979391669215494,-0.8111706944667093,0.05020369962908955,-0.30255293590943777
208,0.42265853090050837,-0.8589237743150009,-0.06850233927172633,-0.28092195657833097
209,0.3386221080817102,-0.8888355037207851,-0.18442398286308026,-0.24757687652249583
210,0.24825264434872377,-0.8999772662903738,-0.29511549086194155,-0.2032692593278388
211,0.1541123008526438,-0.8918587530430792,-0.39826708858530757,-0.14906605749173918
212,0.05883605164666853,-0.8644420534326616,-0.4917586162698675,-0.08632333756348048
213,-0.03493654834423415,-0.8181447091196181,-0.5737084357999845,-0.01665242388667293
214,-0.12462950130834599,-0.7538316358452086,-0.6425164099736738,0.05812069439634859
215,-0.20779669094875264,-0.672796094386023,-0.6968999170752483,0.13600167715941125
216,-0.28218472099644426,-0.5767301628620898,-0.7359220367259802,0.21487870611652535
217,-0.3457906846278755,-0.4676854228821179,-0.7590112374349334,0.29257663798677824
218,-0.39691341030241195,-0.34802481466132495,-0.7659721071291765,0.3669130744497272
219,-0.4341968946511781,-0.22036683530116286,-0.7569868899561694,0.4357549345780356
220,-0.4566648304197757,-0.08752344442399124,-0.7326078202972942,0.4970741000827588
221,-0.4637453621487726,0.047566802421531884,-0.6937404725464774,0.5490007241742824
222,-0.4552854486416183,0.18190875361560252,-0.6416185671327465,0.5898728506413407
223,-0.43155447315242346,0.31252207768460555,-0.5777708839838005,0.6182810795119089
224,-0.3932370130712898,0.436512343616796,-0.5039811289051987,0.6331071371643058
225,-0.34141495391435595,0.5511400210938039,-0.4222417713641232,0.6335553589921461
226,-0.27753940080693124,0.6538857077849725,-0.33470301962639154,0.6191762679619159
227,-0.2033930976649411,0.7425099841529469,-0.24361821744947035,0.5898816282799387
228,-0.12104430349980173,0.8151064291737927,-0.15128703265854987,0.5459505650323762
229,-0.03279329070742873,0.87014649967518,-0.059997859808254006,0.4880265628078464
230,0.058887183540335286,0.9065151774314586,0.028029124507358505,0.4171053834229965
231,0.15141592926921793,0.9235365167142766,0.11069683466869473,0.33451416928604516
232,0.24217028075588415,0.9209884749958873,0.18608271325399695,0.24188221900626758
233,0.32855426616537664,0.8991066747220905,0.2524854572526808,0.14110413009767325
234,0.408066265473311,0.8585770179156369,0.3084658786796606,0.03429619483470073
235,0.47836444378418475,0.8005173510298775,0.3528808943322707,-0.07625289527887699
236,0.5373283015097312,0.7264486480914305,0.38490981371141625,-0.18813583760529645
237,0.5831147788192776,0.6382564390232345,0.4040722889853418,-0.29888368647698677
238,0.6142074869335715,0.5381434506916448,0.4102375014248286,-0.4060246075019973
239,0.6294578098385913,0.428574644695226,0.4036243797083009,-0.5071429775345985
240,0.6281168225860192,0.3122160228333637,0.38479287135281365,-0.5999373787543273
241,0.6098572014710983,0.19186872392132492,0.3546265136200002,-0.6822760602808584
242,0.5747845513213016,0.07040005037071095,0.3143067689440777,-0.752248501139156
243,0.5234378396549972,-0.04932686310895157,0.26527979676295815,-0.8082118026993563
244,0.45677889997495424,-0.16452299503043716,0.2092165234322458,-0.8488307646208442
245,0.37617124014467196,-0.27254126530673767,0.14796703992205748,-0.8731106527180426
246,0.28334865982076063,-0.37094056968591715,0.08351049904015569,-0.8804218462129008
247,0.18037443658647445,-0.45754444088023516,0.017901796444141013,-0.870515751109524
248,0.06959207736066149,-0.5304928929042286,-0.046783600107683315,-0.8435315809782641
249,-0.04643115608126162,-0.5882861770422795,-0.10850526296296442,-0.7999938309482614
250,-0.16496655635203217,-0.6298193812958047,-0.16531243755388136,-0.740800499608036
251,-0.2831905755966131,-0.654407035026184,-0.21539630080725564,-0.6672023411230218
252,-0.3982540781698598,-0.661797131065009,-0.2571385100764729,-0.5807736505480011
253,-0.5073525239801477,-0.6521742425493746,-0.2891548016851928,-0.4833752935644519
254,-0.6077953398555888,-0.626151684538185,-0.31033252338341877,-0.37711088254027714
255,-0.6970727539063797,-0.5847529442655232,-0.3198611383002268,-0.2642771691604442
256,-0.772918428449561,-0.5293828718557513,-0.3172549154944809,-0.14730986573684202
257,-0.8333663291432255,-0.46178937877620374,-0.30236721950768564,-0.028726219156403776
258,-0.876800409024671,-0.38401662786587376,-0.2753960234708126,0.08893425950192113
259,-0.9019958626662568,-0.2983509105540292,-0.23688049199483008,0.20316946231366767
260,-0.9081509132758395,-0.20726058859385055,-0.1876887057304252,0.3115732929395965
261,-0.8949083291206861,-0.11333162475644203,-0.12899682346214328,0.41189178777582325
262,-0.8623661193422463,-0.01920033579992344,-0.0622601942937976,0.5020753843022588
263,-0.81107712674975,0.07251493105964243,0.010822863546807754,0.5803260677080019
264,-0.7420375098810079,0.15928147167445889,0.08835371461936498,0.645138254813474
265,-0.6566643816688185,0.23871753996806971,0.1682814226035622,0.6953324303997471
266,-0.5567631406084688,0.30865365666680733,0.2484549277416063,0.7300807314036667
267,-0.44448528570557977,0.36718836604077193,0.3266780751239972,0.7489238745485539
268,-0.32227774233935713,0.41273703566060793,0.40076610935175855,0.751779037870702
269,-0.19282493663527522,0.44407247006691475,0.4686022115411347,0.7389385309205552
270,-0.058985035765559635,0.4603563158982585,0.5281926507160364,0.7110593165818792
271,0.07627808368996702,0.46116046825549767,0.5777191534817194,0.6691436737856202
272,0.20996547118803544,0.4464779400807311,0.6155871627200088,0.6145115092692592
273,0.33911460868596494,0.41672292179040676,0.6404687562468704,0.5487650325064672
274,0.46087003365043017,0.3727200306807909,0.651339127448849,0.47374669588983565
275,0.5725513459476702,0.3156830219055874,0.6475056886152202,0.3914914675251539
276,0.6717169307234913,0.24718349829643396,0.628629040066368,0.30417464249109794
277,0.7562218355007322,0.1691104083136556,0.5947352497113069,0.21405650670493964
278,0.8242683845503532,0.08362135366861467,0.546219103334241,0.12342524293725093
279,0.8744482935247029,-0.006913065163049681,0.48383821034211794,0.03453950918475551
280,0.9057752579025209,-0.09997046139241128,0.4086980773119767,-0.05042787544705096
281,0.9177072247450918,-0.19294188742137675,0.322228486786027,-0.12944373307549745
282,0.9101578127321999,-0.28319942641144813,0.22615173576137484,-0.20066447920566294
283,0.8834966140797127,-0.3681644421037251,0.12244349179675093,-0.2624809855908701
284,0.8385383870561187,-0.44537476103641016,0.013287209532383548,-0.3135572447383869
285,0.7765214225707746,-0.512549086515209,-0.09897678792634065,-0.3528618846700047
286,0.6990756358704739,-0.5676470115338559,-0.211906323915993,-0.37969176382084663
287,0.6081811881014092,-0.6089231066352456,-0.32301513679605826,-0.3936870763002789
288,0.5061186760657035,-0.6349737057438833,-0.42983198904058956,-0.3948376121252713
289,0.39541213612285125,-0.6447751946263836,-0.5299596681323883,-0.3834800400989387
290,0.2787662847027904,-0.6377128183238271,-0.6211324309122653,-0.3602863071607161
291,0.15899955892944584,-0.6135992603703608,-0.7012704793148792,-0.32624347161999895
292,0.038974622909187684,-0.5726825019690112,-0.7685301267358939,-0.2826255031077593
293,-0.07847193420493132,-0.5156427371678248,-0.8213484188695876,-0.2309577839533419
294,-0.19059896469142174,-0.4435783937818926,-0.8584811081474502,-0.17297522996763215
295,-0.29482747542964216,-0.35798158250723405,-0.8790330435493339,-0.11057510870803033
296,-0.38880303847432873,-0.2607035615609267,-0.8824802235208627,-0.04576576621388859
297,-0.47045235931903745,-0.1539110546420136,-0.8686829644040256,0.019387424387267788
298,-0.5380326109538163,-0.04003448977981092,-0.8378898550965332,0.0828175096498257
299,-0.5901723241904666,0.07829057002368409,-0.7907323951838279,0.14251138063971314
300,-0.6259028370782792,0.19828736163032729,-0.7282104429147122,0.19656375959215924
301,-0.6446795432532687,0.31710564335683467,-0.6516688254316649,0.2432283688686901
302,-0.6463924348290089,0.43189152783113577,-0.5627656810103108,0.2809649740813165
303,-0.6313657035577869,0.5398576955276174,-0.46343330631605695,0.308481097553085
304,-0.6003464377695462,0.638352246359675,-0.3558324658061568,0.3247673328758366
305,-0.554482725197985,0.7249244780576327,-0.24230128082564667,0.329125352837087
306,-0.4952917364236368,0.7973859540359156,-0.12529994868769112,0.32118788737365583
307,-0.42461861370004517,0.8538653382333677,-0.007352643804151238,0.3009301508525745
308,-0.3445872191442615,0.8928556271566077,0.1090119787785142,0.2686724138053594
309,-0.257543998951118,0.9132525962820243,0.22132022396440343,0.22507363784494697
310,-0.16599639138076044,0.91438349443983,0.3272112907046666,0.17111631827490037
311,-0.07254734150886862,0.8960252604378048,0.42449228775704206,0.10808290120159059
312,0.020172418246294163,0.8584117950045911,0.5111889929419782,0.03752435521174337
313,0.1095726083819095,0.8022300917097923,0.5855911244860696,-0.03877832346588925
314,0.19317043843827017,0.7286053061232898,0.6462910302079969,-0.1188587139221919
315,0.268654745822889,0.6390751162560665,0.6922148644507005,-0.20061456767301372
316,0.3339456183130423,0.5355539924693341,0.7226455097025758,-0.2818611581370868
317,0.3872479959209143,0.42028824495316364,0.7372367051181021,-0.3603870439347564
318,0.42709790017601473,0.2958029453419253,0.7360180625308628,-0.43401084412788216
319,0.45240012509881267,0.16484202036811674,0.719390876611109,-0.5006375952525289
320,0.46245643954297094,0.03030298464889164,0.6881148639287279,-0.5583132675182895
321,0.45698358977775394,-0.10483208745947536,0.643286190164965,-0.6052760606993892
322,0.4361206481791105,-0.2375676578194682,0.5863073599893871,-0.6400031779704537
323,0.40042552226589495,-0.36496614395406424,0.5188497448313137,-0.6612518863291549
324,0.35086071133999996,-0.4842179096843953,0.44280970494100413,-0.6680938125659693
325,0.28876866883379804,-0.592708110162726,0.3602594192590238,-0.6599415905081585
326,0.21583739035696473,-0.6880787525506927,0.27339366579672747,-0.6365671643388515
327,0.13405709381254588,-0.7682844522637391,0.18447389327920943,-0.5981112594716416
328,0.04566908265264896,-0.8316405210394701,0.0957709892960647,-0.5450837516053054
329,-0.04689191925982153,-0.8768622132002699,0.009508179561883268,-0.47835489073602516
330,-0.14106050756876054,-0.9030941756367856,-0.07219451359574636,-0.399137564433653
331,-0.23420682974649032,-0.9099293897856906,-0.14737286753855733,-0.3089610079246201
332,-0.323704638301137,-0.8974171541719798,-0.21426680113563987,-0.2096365819013803
333,-0.4069994460672376,-0.8660599274573213,-0.271363262160499,-0.10321643717545412
334,-0.4816750605472919,-0.8167991276307518,-0.31743259954364234,0.008053936638168419
335,-0.5455168132170811,-0.7509902561394326,-0.35155752534606777,0.12178812772046183
336,-0.5965698808687145,-0.6703679795929901,-0.37315395912630256,0.2355149081588328
337,-0.6331912174304697,-0.5770020496259072,-0.3819832526900161,0.346736660249215
338,-0.654093773253002,-0.4732451674074732,-0.3781555108903334,0.4529886940094554
339,-0.6583818706410409,-0.3616740975361522,-0.3621239487372007,0.5518980026541009
340,-0.6455768246597914,-0.2450255017243965,-0.33467045095150794,0.6412400145240498
341,-0.6156321414659012,-0.1261280916631648,-0.29688272161126944,0.7189919474487882
342,-0.5689378865389901,-0.007832789558663455,-0.25012362313977843,0.7833814535816577
343,-0.5063140857320704,0.10705736813989941,-0.19599350028601623,0.8329293573658532
344,-0.4289932962673371,0.2158558445042974,-0.13628646103368133,0.8664854336282505
345,-0.3385927558324698,0.31605803356617573,-0.07294173813865062,0.8832563432851002
346,-0.23707677901540392,0.4054018914060449,-0.00799137844184053,0.8828250365540615
347,-0.1267103149299874,0.48192227089095957,0.05649440085057801,0.8651611431300993
348,-0.010004801919630976,0.543997623249469,0.1184627913836712,0.8306220903004392
349,0.11034235087132778,0.590387922041481,0.17593348764515293,0.7799449179504547
350,0.23151316434915337,0.620262885812696,0.22705188755869268,0.7142289881910279
351,0.35063775812964104,0.6332198192979922,0.27013903947270784,0.6349100112415924
352,0.46486458860577207,0.6292906533667926,0.30373705752022023,0.5437260226755208
353,0.5714305164736042,0.6089380344807185,0.3266488416635023,0.44267614487948387
354,0.6677289655041406,0.5730405885021257,0.3379710823689992,0.3339731426900045
355,0.7513744793549169,0.522867754407153,0.33711969918716234,0.21999093525712637
356,0.8202620703895738,0.4600448440617089,0.32384705329922026,0.10320834947747981
357,0.8726198816662731,0.3865092282090742,0.2982504815622715,-0.013849508216387418
358,0.9070538473174096,0.30445877010764777,0.26077191854093335,-0.12867082758614784
359,0.9225832334062466,0.21629382132715363,0.21218859797551476,-0.23881616189562532
360,0.9186661661252192,0.12455425424973554,0.1535950504693298,-0.34197554508532824
361,0.8952145013124579,0.031853128841394664,0.08637683423673796,-0.43602226701183777
362,0.8525976525684803,-0.059191325801594655,0.012176645024263438,-0.519061999283819
363,0.7916352682090368,-0.14602369382717628,-0.06714635544593028,-0.5894760808709715
364,0.7135789231068229,-0.22621759996563523,-0.14956298080538916,-0.6459579187037633
365,0.6200832632959579,-0.29753850829627526,-0.23292507228897463,-0.6875416302743004
366,0.5131673022781937,-0.3580015062572382,-0.31501988481020154,-0.7136222485070375
367,0.39516681178575674,-0.40592261479669156,-0.3936264434097616,-0.7239670190749572
368,0.2686789702576177,-0.43996232919272454,-0.4665724543311981,-0.7187175416615224
369,0.1365006239890285,-0.45916029114555573,-0.5317903380817768,-0.6983827338992601
370,0.0015616740490099201,-0.4629602163578426,-0.5873709707857648,-0.6638228241950168
371,-0.1331447773054225,-0.4512244473694146,-0.6316137744849952,-0.6162248017187207
372,-0.2646338068575781,-0.4242377627556936,-0.6630718854571569,-0.5570699629637169
373,-0.3899998258030226,-0.382700344393938,-0.6805912499238107,-0.4880943892338028
374,-0.5064857645568638,-0.32771007757649295,-0.6833426457287282,-0.4112433633318788
375,-0.6115485903620429,-0.26073462747207027,-0.6708458029819053,-0.3286208823017183
376,-0.7029195521970916,-0.18357399307915118,-0.6429849919527024,-0.24243554262442651
377,-0.7786576784054868,-0.09831447993114656,-0.6000156578027843,-0.15494416183754153
378,-0.8371952199207515,-0.007275249390247068,-0.5425619038187679,-0.06839455396963867
379,-0.8773739317754891,0.08705121001879801,-0.4716048521085209,0.015031105840215386
380,-0.8984713127826951,0.1820631898318794,-0.388462137603254,0.09327091006036287
381,-0.9002161722105213,0.275116831594251,-0.29475901200726085,0.16443447663031152
382,-0.882793156741301,0.36359446772158166,-0.1923917435549852,0.22684955910220342
383,-0.8468361444322969,0.4449725078375834,-0.08348419085328837,0.27910285134578255
384,-0.7934106879761611,0.5168871547456144,0.029661400095197132,0.320073977087434
385,-0.7239859604398321,0.577196286775673,0.1446181816401893,0.348961827650926
386,-0.6403969161048539,0.6240359375254666,0.25889176349178084,0.3653026051319954
387,-0.5447976205907659,0.6558699376456598,0.3699791523918231,0.3689791380101992
388,-0.43960692211346863,0.6715314529813272,0.4754281312295191,0.36022125662197424
389,-0.3274478241065869,0.6702553548512844,0.572895623450428,0.33959724146757936
390,-0.2110820738408313,0.651700586504811,0.6602036117067069,0.3079965823540256
391,-0.09334159828690586,0.6159619391527714,0.7353912382692882,0.26660450525293594
392,0.022941505602471324,0.5635709152090705,0.7967618073290843,0.2168689309993288
393,0.13500468563697,0.4954856289085915,0.8429235336692671,0.160460720388595
394,0.2402226235855297,0.41306996848870753,0.872823035216117,0.09922822908101489
395,0.3361712213201685,0.318062512794558,0.8857707448816243,0.03514733877219561
396,0.4206863012118035,0.21253595178493245,0.8814576154879744,-0.029731755243538577
397,0.4919155722491662,0.09884799856709094,0.8599627054905493,-0.0933396385435141
398,0.5483625835080378,-0.020415005676401907,0.8217514573878901,-0.1536432453201228
399,0.5889215884800885,-0.14250040853075435,0.7676647095595494,-0.20870047888664103
400,0.612902472326781,-0.26455595001262533,0.6988987101293576,-0.25671248841486993
401,0.6200451436376697,-0.38369920660563345,0.6169766226568751,-0.2960722644836362
402,0.6105230565057701,-0.49708805862939837,0.5237122225259122,-0.3254083087751204
403,0.5849358010838581,-0.601990436006054,0.4211666746392664,-0.3436222573421689
404,0.5442909744504997,-0.6958516129967429,0.3115994526878281,-0.349919489177436
405,0.4899758117596935,-0.7763573810321929,0.19741460363430868,-0.34383192853364064
406,0.42371931357891146,-0.8414915289176694,0.08110367458552714,-0.3252324461500476
407,0.34754584264935345,-0.8895861989786833,-0.03481329988665771,-0.2943404763106904
408,0.26372137610821417,-0.9193638626805736,-0.147847305673785,-0.25171868819308973
409,0.1746937821876376,-0.9299698655612112,-0.2555988975430453,-0.19826077571678108
410,0.08302863898790384,-0.920994723842159,-0.35581435882750223,-0.13517065441470594
411,-0.008657776589094567,-0.8924856080520644,-0.44643810411935875,-0.06393357110929984
412,-0.09776663201442481,-0.8449467161230024,-0.5256600514619405,0.01372016306536257
413,-0.18178408961012033,-0.7793285130647303,-0.5919568167741119,0.09585791862746629
414,-0.25834655568963827,-0.6970060896568222,-0.6441257377899682,0.18039291022967796
415,-0.3253019787056436,-0.5997471617771452,-0.6813109138000712,0.2651365748578664
416,-0.3807656470724502,-0.4896704883144707,-0.7030206464707471,0.3478538565536021
417,-0.423169076472459,-0.3691957227169954,-0.7091358810351669,0.4263200127526182
418,-0.4513007509296314,-0.24098592521161433,-0.6999094708594014,0.4983775162079126
419,-0.464337687368943,-0.10788414431813442,-0.6759563162163573,0.5619916209880904
420,-0.4618670246355681,0.027154377037712063,-0.6382346543775828,0.6153031913727645
421,-0.44389708923271975,0.16113270738542357,-0.5880189972255753,0.6566774578765389
422,-0.4108576550642028,0.2910837142394588,-0.5268654190478783,0.6847474635157187
423,-0.3635893866045548,0.41414077901921703,-0.4565700858656521,0.6984510933447748
424,-0.303322727356162,0.5276060046069022,-0.37912208388686836,0.6970607380144418
425,-0.23164676137123524,0.629014243327402,-0.2966517443315506,0.6802048237277633
426,-0.15046882836174813,0.7161913771204796,-0.21137577149345574,0.6478806419821941
427,-0.061965906165594775,0.7873054245211928,-0.1255405577687437,0.6004581278887744
428,0.03147101775754249,0.8409092272111751,-0.041365111605939975,0.5386744602951223
429,0.1272981867700519,0.8759736779150727,0.03901496911427621,0.463619584821439
430,0.2228843860443558,0.8919106860890849,0.1136010750118836,0.37671298657448743
431,0.31557867889957014,0.88858533234054,0.18058137549496017,0.2796722571110846
432,0.4027788606637356,0.8663169304947438,0.2383755801591955,0.17447420475347195
433,0.48199890236524434,0.8258689910191319,0.28567355872375455,0.06330944351246892
434,0.5509336799498181,0.768428354288138,0.32146686330756724,-0.05146844099212805
435,0.6075193508115524,0.6955740300909845,0.34507237701580973,-0.16739791418401148
436,0.6499878465832288,0.6092365341848917,0.35614751223621804,-0.28196736377892195
437,0.676914096692884,0.5116487472559803,0.35469659573933654,-0.39267440723934
438,0.687254777539714,0.4052895305387911,0.34106830027987456,-0.4970851855856072
439,0.6803775927847137,0.29282151037736825,0.31594420833255366,-0.5928921921546246
440,0.6560803259414627,0.17702458676908112,0.2803188172070952,-0.6779692192949422
441,0.6145991613180687,0.060726824878324426,0.23547151047528725,-0.750422075502723
442,0.556606037046334,-0.053265548924882056,0.18293122300961817,-0.8086338284226762
443,0.48319506776448207,-0.16223730529649766,0.12443471091358341,-0.8513034629191079
444,0.3958583476618833,-0.26363080694712937,0.06187949861425032,-0.8774770047505867
445,0.29645171023292677,-0.3551083894951434,-0.002727290639476271,-0.8865703452608314
446,0.1871512725897937,-0.4346089847585499,-0.06732291102666943,-0.8783832063433717
447,0.07040182326999649,-0.5003975890690378,-0.12984439666478165,-0.8531039026923473
448,-0.05114168263095084,-0.5511063598815462,-0.1882839739813708,-0.8113047846139992
449,-0.17467808358969558,-0.5857663348371961,-0.2407430672633082,-0.7539284738285734
450,-0.2973278517127801,-0.6038290032396212,-0.2854835160507891,-0.6822652310544538
451,-0.41620313857624475,-0.6051772147259649,-0.3209746931452859,-0.5979220121187141
452,-0.5284782954868119,-0.5901251773850248,-0.3459353151007573,-0.5027839734734769
453,-0.6314591226323869,-0.5594075710110518,-0.35936887058672384,-0.39896937325198617
454,-0.7226491308319638,-0.5141580737524988,-0.3605917526100749,-0.28877897577995476
455,-0.7998111715474256,-0.4558778653129541,-0.3492533642427851,-0.1746412017558701
456,-0.8610229037065604,-0.3863949204722066,-0.32534766962887635,-0.059054369805003504
457,-0.9047247169183475,-0.30781513676457506,-0.28921587757898604,0.05547255476211238
458,-0.9297589160938519,-0.222466543936577,-0.24154016860982022,0.1664792531243563
459,-0.9353991877178924,-0.13283801522494465,-0.18332860225256126,0.2716119381100779
460,-0.9213696077053186,-0.04151403724900793,-0.11589156418132052,0.36867841821814584
461,-0.8878527089654241,0.04889280700842551,-0.04081032662010055,0.45569899917243534
462,-0.8354863970749257,0.1358099314804728,0.04010150478425202,0.53095198665046
463,-0.7653497781041844,0.21677169262528267,0.12484270389433748,0.5930126893386005
464,-0.6789382368018424,0.289483493372681,0.21127418626586572,0.6407849841334055
465,-0.5781283692027238,0.351881423815358,0.2971725808600536,0.6735246910705298
466,-0.4651336246716657,0.4021859300922761,0.38028627329903586,0.6908542097837581
467,-0.3424517421929797,0.4389481537592476,0.45839251780014756,0.6927680868841882
468,-0.21280526864511173,0.46108776881810165,0.5293541850784834,0.6796294091805596
469,-0.07907661781980163,0.4679213578508988,0.5911747194633752,0.6521571455167505
470,0.055760736199479966,0.45918060701744245,0.6420499201139261,0.6114047845080091
471,0.1887132423446815,0.4350198560581863,0.680415237528599,0.5587308310248942
472,0.31683869014356814,0.3960128074847532,0.70498738564628,0.49576192554065857
473,0.43731630891347534,0.3431384721303265,0.7147992090351647,0.4243495324199883
474,0.5475138291208188,0.2777566993402203,0.7092269105115069,0.34652130136456627
475,0.645049862299522,0.2015739025249787,0.6880089329077815,0.26442833661941356
476,0.7278500724992824,0.11659983800555809,0.6512559949404626,0.18028970795355592
477,0.7941957666423431,0.025096520864222704,0.5994520000840537,0.096335603403504
478,0.8427637195602075,-0.07047943977931835,0.5334457635953993,0.01475055468677161
479,0.8726562671644733,-0.1675396369961646,0.4544337307194235,-0.06238183868872488
480,0.8834209427606496,-0.26343021429455804,0.36393408297205887,-0.13313130112744853
481,0.8750591909242806,-0.3555000954896166,0.2637528436609752,-0.19576907811646313
482,0.8480239641691374,-0.44116937668945727,0.15594279313206139,-0.24881073637701998
483,0.8032062831069777,-0.5179961548173825,0.042756183649413915,-0.2910525023627472
484,0.7419111140734225,-0.583740104225757,-0.07340760114630876,-0.3216002388475214
485,0.665823182477102,-0.6364211923918844,-0.19005817047179407,-0.33989034612279106
486,0.5769635888471802,-0.6743720454534897,-0.30467266723389075,-0.3457020788135994
487,0.4776383215244283,-0.6962826314672865,-0.4147552968122299,-0.3391609863980872
488,0.37037995952458774,-0.701236119850751,-0.5178963889405422,-0.3207334097370711
489,0.2578840263440935,-0.688734994751058,-0.611829547655051,-0.29121219167134116
490,0.14294158622919972,-0.6587167426137024,-0.694485489890314,-0.25169398137119664
491,0.028369765452486373,-0.6115586939539343,-0.7640412535881141,-0.20354872407620134
492,-0.0830580698098285,-0.5480718697905372,-0.8189635691608075,-0.14838212483707683
493,-0.1886807415317172,-0.4694839576403541,-0.8580453310225418,-0.08799205193544926
494,-0.28601459377563493,-0.3774118135459536,-0.8804342751291305,-0.02431999837906193
495,-0.3728141122303298,-0.27382414854247183,-0.885653159856079,0.04060115557277694
496,-0.44712632915348527,-0.16099530372259357,-0.8736109563464334,0.10470174262379336
497,-0.507337670925609,-0.04145124149541135,-0.8446047754963817,0.16593087550835092
498,-0.552212096187789,0.08209092382887997,-0.7993124865320019,0.22231156047951572
499,-0.5809195918890427,0.20678837024806226,-0.7387762110130932,0.2719939479671412
