,0,1,2,3
0,0.771514813987566,0.0,0.6362113578031529,0.0
1,0.8122411590150257,-0.10492564888591674,0.5686154598148198,-0.07701536643669374
2,0.8341742721418952,-0.21031687938606408,0.4878349366343625,-0.14811201349247305
3,0.8370491068113284,-0.31339500350691035,0.3955059523971316,-0.21144125941191932
4,0.8210605992090989,-0.4114133031038787,0.29354725804498505,-0.26538386113293055
5,0.7868564682011475,-0.501727073739319,0.1841157067086709,-0.30859074592437663
6,0.7355188782450363,-0.5818613364671323,0.06955584912715312,-0.3400166888875413
7,0.6685354417317426,-0.6495745134994484,-0.047655163559917224,-0.35894609615731465
8,0.5877603015487745,-0.7029164626415696,-0.16496602518006476,-0.3650102532902971
9,0.49536628036119745,-0.7402794044917524,-0.279811639729034,-0.3581956139298707
10,0.39378930407103235,-0.7604404522369367,-0.38967392958144054,-0.33884292999189725
11,0.2856664976430104,-0.7625946620615037,-0.49214159797010937,-0.30763725565526673
12,0.17376950723646714,-0.7463777575425461,-0.5849673819597374,-0.26558908758404703
13,0.06093471949291773,-0.7118779380716205,-0.6661213933781073,-0.2140071272907195
14,-0.05000787600015566,-0.6596364529261575,-0.733839241161305,-0.1544633627782017
15,-0.15630540347189217,-0.5906369023462825,-0.7866637569381083,-0.08875136028420885
16,-0.2553506321444675,-0.5062835078825342,-0.8234793032371219,-0.018838828245957673
17,-0.3447466138184243,-0.4083688693632529,-0.843537826536295,0.05318433978279727
18,-0.42236581825561126,-0.2990319882271347,-0.8464760209473539,0.12516122221890263
19,-0.48640229722903366,-0.18070758013099747,-0.8323231875806684,0.1949248243530661
20,-0.535415584178323,-0.05606791760727453,-0.8014996041227163,0.2603553829389694
21,-0.5683652446573478,0.07204136932862754,-0.7548054531778617,0.3194365627535649
22,-0.5846352279744491,0.20066995500814627,-0.6934005906656832,0.37030911443383874
23,-0.5840474267220331,0.32683425025620194,-0.6187756612441877,0.41132062585124013
24,-0.5668641218618624,0.4475898422487351,-0.5327152807439267,0.44107009660988244
25,-0.5337792699018346,0.5601031527816311,-0.4372542006604469,0.45844619452225216
26,-0.4858988684997692,0.6617205434292547,-0.33462754202234546,0.4626582109013296
27,-0.4247109105685269,0.7500331578915959,-0.22721633115743922,0.45325891426707343
28,-0.3520456977959058,0.8229358961673414,-0.11748968442260393,0.43015870503446213
29,-0.2700275259168537,0.878679059461255,-0.00794507001014938,0.3936306918598206
30,-0.181018970054973,0.9159113853583525,0.09895187950392209,0.34430653812238443
31,-0.08755918359186579,0.9337134052888938,0.2008265212616866,0.28316315881567766
32,0.007702226295879189,0.9316202953874312,0.295451868137237,0.21150057812341533
33,0.10207407280756643,0.9096336515736911,0.3808013758946459,0.1309114804053997
34,0.19289347124133432,0.8682218935958188,0.45509655917883274,0.04324319665504012
35,0.2775949612441316,0.8083092840667583,0.5168482745020746,-0.04944694052802383
36,0.35377712197457545,0.7312538301972497,0.5648906676124991,-0.1449417725624429
37,0.41926499576717025,0.638814610979448,0.5984069666220962,-0.2409187797197894
38,0.4721667412987638,0.5331093341633087,0.6169465064329098,-0.3350074841544402
39,0.5109230822435741,0.416563168988748,0.6204325892325498,-0.4248483641147416
40,0.5343482983365373,0.2918501162822364,0.609161014661788,-0.5081518118703428
41,0.5416617181227443,0.1618283618360014,0.5837893459784288,-0.5827556640204115
42,0.5325089111448761,0.029471207380636966,0.5453172093488186,-0.6466798656791803
43,0.5069720359495229,-0.10220471774844819,0.4950581465372422,-0.6981768987744197
44,0.46556907261195474,-0.2302121946636101,0.43460375117346217,-0.7357767076507409
45,0.40924194767951816,-0.3516653105721275,0.3657810102314501,-0.7583249897990592
46,0.3393338385360193,-0.46384874185751923,0.29060394058194183,-0.7650138825013926
47,0.2575562162144111,-0.5642827203438161,0.21122075130318474,-0.7554042634441617
48,0.16594644382980853,-0.650782086695768,0.12985787234889964,-0.7294390902639906
49,0.06681698561198783,-0.7215079827037052,0.04876226645365577,-0.6874474254071069
50,-0.03730250696455254,-0.7750109179004288,-0.029856518082549258,-0.6301390231030615
51,-0.14372878551925095,-0.8102641609767167,-0.10388309184509568,-0.5585895889457322
52,-0.24969268129435818,-0.8266866474403588,-0.17135033646637843,-0.47421705372615264
53,-0.3524091734489091,-0.8241548558941472,-0.23048952311118198,-0.37874942602086403
54,-0.44914809286107116,-0.8030033796881921,-0.279775178091684,-0.2741849970592305
55,-0.5373036872268823,-0.7640142016951081,-0.3179635700951958,-0.16274586136950026
56,-0.6144612996305148,-0.7083949605635219,-0.3441238553119043,-0.046825882905251914
57,-0.6784594828504961,-0.6377467700379151,-0.3576611026219078,0.07106562535942462
58,-0.7274459837263088,-0.5540224119884224,-0.35833062628096884,0.18836313345260025
59,-0.7599261831614714,-0.45947596222536863,-0.34624327308887515,0.302505590234979
60,-0.7748027640247481,-0.3566051200480692,-0.32186153933375605,0.4109970981805304
61,-0.7714055966876304,-0.2480876925278438,-0.28598662416244724,0.5114660819794186
62,-0.749511074791466,-0.1367138282773432,-0.2397367546379655,0.6017215023566544
63,-0.7093503960247919,-0.02531569934539407,-0.18451733788655011,0.6798047389106565
64,-0.6516065576798546,0.08330360867398742,-0.12198370189676261,0.7440358722817485
65,-0.5774001176955069,0.18644022073102073,-0.05399737355005438,0.7930532339185548
66,-0.4882640517796345,0.28155685988936335,0.01742299434717884,0.8258452576947783
67,-0.38610830906076143,0.3663458182024888,0.09015479998318646,0.8417738575174338
68,-0.2731749257661978,0.43878594316858505,0.16202742239177267,0.8405887641429463
69,-0.1519847922515153,0.4971922235526998,0.23087948315139867,0.8224324774853733
70,-0.025277377428848835,0.5402567451572022,0.29461598445680504,0.7878357222194314
71,0.10405510895069481,0.567080004510952,0.35126387023322453,0.7377035286982805
72,0.2330374960185814,0.5771918109935066,0.3990245956020107,0.6732922923040755
73,0.3586836538989837,0.5705612695461777,0.4363223641807291,0.5961783865885009
74,0.4780689418228774,0.5475956103045151,0.46184680056436467,0.5082191134225861
75,0.5884013132240332,0.5091279113628195,0.47458896419900287,0.4115069617006301
76,0.6870893206174653,0.4563940394554538,0.473869777261111,0.3083183102598171
77,0.7718053385649113,0.39099940365113167,0.4593601289417076,0.20105784651641906
78,0.8405424403499269,0.3148763724511159,0.4310921269668078,0.09220007651758722
79,0.8916635202086767,0.2302334385829114,0.3894611890582398,-0.015770627910812296
80,0.923941444213279,0.13949742244505664,0.33521889680925776,-0.12041996519783771
81,0.9365892344318463,0.04525017942451523,0.2694567663756784,-0.21942214624504608
82,0.9292795372878936,-0.04983858617571199,0.1935813186678021,-0.3106154052342517
83,0.9021528919891395,-0.1430807005282992,0.1092810506627998,-0.3920532165127551
84,0.8558145919042868,-0.23183933820202676,0.0184861135642104,-0.4620499639119515
85,0.7913202139485471,-0.31359751307760225,-0.07667831229381653,-0.5192199487806118
86,0.7101501713768842,-0.3860235102266242,-0.17394379627826828,-0.5625087904930928
87,0.6141739169072147,-0.4470316036271467,-0.27095430943526844,-0.5912164640365226
88,0.5056046790519151,-0.49483652297632974,-0.3653243697963782,-0.6050114287204711
89,0.3869458485606927,-0.528000289769459,-0.4546982363071028,-0.6039355248569371
90,0.2609303381531244,-0.5454702343229938,-0.536808677765241,-0.5883995458656032
91,0.13045441211765546,-0.5466072267409352,-0.6095338509776077,-0.559169625915095
92,-0.0014923814322133078,-0.5312034004268054,-0.6709508667207527,-0.5173448121121259
93,-0.13189944720697322,-0.4994889104895365,-0.7193847019425157,-0.4643264096899367
94,-0.2578077671493897,-0.4521275446880062,-0.7534512299991729,-0.4017798931561591
95,-0.37638112298859105,-0.390201284524183,-0.7720932847842044,-0.3315903608440111
96,-0.48497416330070187,-0.3151841917298146,-0.7746088457999408,-0.25581267017661513
97,-0.5811956409464059,-0.22890626375414225,-0.7606706253050141,-0.17661752222555419
98,-0.6629652678110122,-0.13350815423898338,-0.730336550819937,-0.0962348635599907
99,-0.7285627933489405,-0.031387884549116965,-0.6840508612193388,-0.016896038476554444
100,-0.7766681075490203,0.07485912554753525,-0.6226357667910497,0.0592238461348383
101,-0.8063913927468802,0.1825052110422585,-0.5472738572268909,0.13006188850761352
102,-0.8172925966349135,0.2887591701156892,-0.45948167071744234,0.1937202814228996
103,-0.8093897646778834,0.39083680834116963,-0.36107505645071136,0.24851479169152962
104,-0.783156047307277,0.486031551181316,-0.25412716640906663,0.29301761058889253
105,-0.7395054788335916,0.5717833534629237,-0.14092009535201477,0.3260934991743524
106,-0.679767903968692,0.6457441749451824,-0.023891345708092204,0.3469283223644803
107,-0.6056536972428403,0.7058383748005541,0.09442357715397265,0.3550492582057299
108,-0.5192091737255948,0.7503165027358569,0.21145103735458687,0.3503361791809224
109,-0.422763820016583,0.7778011274941634,0.3246401449644782,0.33302392531353886
110,-0.3188706767251783,0.7873235405450656,0.4315231473240926,0.30369541872066225
111,-0.21024137257881692,0.7783503989906255,0.5297738574261608,0.26326580035225944
112,-0.09967744169176093,0.7507996214568341,0.6172626895510329,0.21295799615484012
113,0.010000353869644776,0.7050451177877487,0.6921069557470183,0.15427033613995242
114,0.11602292651416139,0.6419102110602468,0.7527151934991566,0.08893705040762437
115,0.2157422174555729,0.5626498918729326,0.7978244421305437,0.018882646049065366
116,0.306697270738448,0.46892232301931713,0.8265295594743269,-0.05382867647387335
117,0.3866753788570381,0.362750280599314,0.8383038668183074,-0.12704728327814524
118,0.4537667770732811,0.2464734686733691,0.833010624176882,-0.19859466577198873
119,0.5064115267095088,0.12269287245868304,0.8109050642672035,-0.2663208617614945
120,0.54343742473367,-0.005791485879150016,0.7726269465351335,-0.32816127982737753
121,0.564088002935187,-0.13604785954150134,0.7191838264031707,-0.38219148171939044
122,0.5680399292537542,-0.26508350091419725,0.6519254637887888,-0.426678527676556
123,0.5554093901363321,-0.38991705409488464,0.5725100131829556,-0.4601275747872624
124,0.5267473095000801,-0.5076508304294787,0.4828628397663814,-0.4813225366336286
125,0.4830235400540435,-0.6155411828089521,0.38512898715728583,-0.48935976057601954
126,0.4256004393768103,-0.7110652402665423,0.28162047793677164,-0.483673853431851
127,0.3561965093482407,-0.7919823534139208,0.1747597542312519,-0.46405498263687534
128,0.27684102663856885,-0.8563887312585536,0.0670206592241338,-0.4306571933455076
129,0.18982081774449386,-0.902763917728225,-0.03913158078948503,-0.38399750700195145
130,0.09762052888824913,-0.9300079576257636,-0.14129989174338387,-0.3249457980735261
131,0.0028579040458408533,-0.9374683317433561,-0.23721293685786743,-0.2547056771060625
132,-0.09178429062581293,-0.9249559937645766,-0.32477933457227043,-0.17478683425274302
133,-0.18362797375782539,-0.8927501110861717,-0.40213717851123465,-0.08696951229163641
134,-0.27006932415828416,-0.8415913910997005,-0.4676976476474797,0.006738023491669326
135,-0.34864646505602936,-0.772664156837305,-0.5201816438464408,0.10414797428681788
136,-0.4171035451403001,-0.6875676141849455,-0.5586485692886207,0.20294626034296057
137,-0.4734495947515851,-0.5882770201794267,-0.582516553479461,0.3007492205821753
138,-0.516010666641306,-0.4770957115860749,-0.5915736537453038,0.3951623540938635
139,-0.543473939153245,-0.35659917879426134,-0.5859797789274758,0.48383964475084207
140,-0.5549226612789112,-0.22957256645410262,-0.5662593177872074,0.5645419929021879
141,-0.5498610487645723,-0.09894314432977863,-0.5332846856372219,0.6351932975925279
142,-0.5282284925587014,0.03229058446209648,-0.48825122913376473,0.6939327885707862
143,-0.49040270908464867,0.16113138839616842,-0.43264414434980564,0.7391622981157691
144,-0.4371917394014596,0.28465563743273126,-0.36819826184248583,0.7695872861820561
145,-0.36981498433756765,0.40008367525427313,-0.2968517294780144,0.7842505855020768
146,-0.28987373814755274,0.504846501128047,-0.22069477487735198,0.782558012273192
147,-0.19931194726342424,0.5966471215874567,-0.1419148507370837,0.764295188470877
148,-0.1003681666861604,0.6735150657251977,-0.06273955494643488,0.7296351386839617
149,0.00448009166322625,0.7338527288452208,0.014621228834630282,0.6791364522778001
150,0.11257823229127989,0.7764724132610358,0.0880325069744384,0.6137320349912898
151,0.22116112737419485,0.8006231670639854,0.15548922405402346,0.5347087069630407
152,0.3274226831348206,0.8060067759299747,0.21516779478499887,0.4436781308686778
153,0.4285866811333956,0.7927825331477224,0.26547282111870324,0.34253976869586666
154,0.5219771202347967,0.7615606923032046,0.3050778186157019,0.2334367633401766
155,0.6050862953121451,0.7133847884845537,0.3329589281772798,0.11870581675431602
156,0.675638903119296,0.6497032904680681,0.34842076688014606,0.0008222854551260816
157,0.7316505628747048,0.5723313112199899,0.3511137704480768,-0.11765816692465009
158,0.7714792765423928,0.4834033506052082,0.3410425948581698,-0.2341599346209554
159,0.7938685281603889,0.38531826629640925,0.3185653703292967,-0.3461483763962296
160,0.7979809285198712,0.2806778609999668,0.2843838318220986,-0.4511897741097693
161,0.7834215458918081,0.17222063148161687,0.23952458041141855,-0.547008876439219
162,0.7502503194988532,0.06275234357733628,0.18531195370800257,-0.6315426203197594
163,0.6989832236651223,-0.04492482553039645,0.12333319530190953,-0.7029887168528374
164,0.6305821302898418,-0.14808280290789505,0.05539680767129154,-0.7598479151395328
165,0.5464335985143864,-0.24413602922238642,-0.016514854724342054,-0.8009589135677163
166,0.44831709617826193,-0.33070605252727414,-0.09029754968332565,-0.8255250696479821
167,0.3383634210152101,-0.4056806946054209,-0.16378035075246009,-0.8331322620393167
168,0.21900433396004615,-0.46726631565027577,-0.23478268935531937,-0.8237574768974276
169,0.09291463632463176,-0.5140318774732245,-0.301171787551044,-0.7977679196867478
170,-0.03705188851617508,-0.5449437122181172,-0.36091902235749607,-0.7559106874306197
171,-0.16793109462448336,-0.5593901375634348,-0.4121537881356669,-0.6992932692228676
172,-0.2967199652751533,-0.557195314744093,-0.4532134850890361,-0.6293553689036055
173,-0.4204492154145778,-0.5386220160417008,-0.4826883579547052,-0.5478327574976045
174,-0.536255214271091,-0.5043632469146122,-0.49946003706255815,-0.4567140590197397
175,-0.6414494531249434,-0.45552294770470514,-0.5027327909231858,-0.3581915467047068
176,-0.7335838428869714,-0.3935862738733061,-0.4920566814601706,-0.2546071733162963
177,-0.8105102284049112,-0.32038021513599074,-0.4673420153882162,-0.1483951753033667
178,-0.8704326487798606,-0.23802555615223925,-0.428864703004627,-0.04202267332344306
179,-0.9119510518977849,-0.14888139852723256,-0.37726236337043145,0.06207026098910373
180,-0.9340953824185567,-0.05548365037450101,-0.3135212468222318,0.16152959133385897
181,-0.9363492003720983,0.03952095908910083,-0.23895427618117004,0.2541439014612404
182,-0.9186622463745362,0.13344367026935008,-0.155170731152334,0.33789718576037886
183,-0.8814516428600481,0.2236235492692023,-0.06403831065740642,0.41101654988541947
184,-0.8255917018289423,0.30749664262041854,0.0323615000435816,0.4720136544246273
185,-0.7523925914488913,0.382662681536638,0.13178366141853765,0.5197188923592577
186,-0.663568389405933,0.44694764794345093,0.23187417291096624,0.5533074737574817
187,-0.5611953133327616,0.49846061823525684,0.3302276781240057,0.57231679423436
188,-0.44766116141888385,0.535643444115061,0.4244466549984134,0.5766546821055989
189,-0.3256072133955098,0.5573120094092392,0.512200721845767,0.5665983474152751
190,-0.19786402809159293,0.5626880129300279,0.5912845844792962,0.5427840884268536
191,-0.067382724056188,0.5514204650070786,0.6596731808065318,0.50618804193179
192,0.06283655939594868,0.5235963432912097,0.7155726463593484,0.45809848709380063
193,0.1898172546826552,0.4797401254015568,0.7574658256882236,0.40008042293881185
194,0.3106782211716333,0.42080219514511763,0.7841511878328435,0.3339333317759995
195,0.42270309198935685,0.34813639840814653,0.7947741659009901,0.26164321000635155
196,0.5234054049783049,0.26346729741783415,0.7888501271292603,0.18533008972907777
197,0.6105879164319655,0.168847931084913,0.7662783860387713,0.10719238576238861
198,0.6823946420447775,0.06660912808480837,0.7273468943145965,0.02944948039054178
199,0.7373543514142878,-0.04069836776083059,0.6727274713384814,-0.04571599959041173
200,0.7744144558843706,-0.15036751870869028,0.6034616731660805,-0.11621475316972281
201,0.7929644691953762,-0.25960277421846556,0.5209376293485074,-0.18010479321920386
202,0.7928484803314374,-0.365590319230229,0.4268584005935161,-0.2356414894792787
203,0.7743663516458468,-0.4655690330413212,0.3232026202826127,-0.2813224042875417
204,0.7382636359796179,-0.5569003822706413,0.21217837408150597,-0.31592579126924336
205,0.6857104870725512,-0.6371354958035162,0.09617143954500407,-0.3385417878516272
206,0.6182701111090457,-0.7040777377903902,-0.022310852450025287,-0.3485955173551838
207,0.5378575669295678,-0.7558392050452871,-0.1406987638909618,-0.3458615209193809
208,0.44668996180640674,-0.7908897248231371,-0.25642085808506765,-0.3304691585148133
209,0.3472293027715617,-0.8080971142331865,-0.3669647860215549,-0.3028988462918382
210,0.24211944499407084,-0.8067576788639006,-0.4699366640225956,-0.26396922880746754
211,0.1341187241216758,-0.7866161701722383,-0.5631175906283575,-0.21481561346524086
212,0.026029965216834067,-0.7478746828050186,-0.6445159211835936,-0.15686021506732195
213,-0.07937037569000151,-0.6911902477592461,-0.7124140233246824,-0.09177496519029038
214,-0.17940216189932676,-0.6176611583094659,-0.7654083729032902,-0.021437828975820444
215,-0.27154886750852597,-0.5288023459330863,-0.802442014437608,0.05211626383206827
216,-0.35352052791947663,-0.4265103960647182,-0.8228285988640653,0.12674863028708164
217,-0.4233107778066406,-0.31301905161397436,-0.8262674194809921,0.2002728394556852
218,-0.47924655471683175,-0.19084628935330522,-0.8128490893581669,0.27051209134107457
219,-0.5200292316769471,-0.06273426460901765,-0.7830517346044514,0.3353565135470117
220,-0.544766158205291,0.06841640207682198,-0.7377278119967854,0.39281892037877336
221,-0.5529918305484116,0.19961638095218842,-0.6780818907593995,0.4410876162696327
222,-0.5446781727582791,0.32785971475231396,-0.6056399609975573,0.47857489821982135
223,-0.520233683861386,0.45019645011800946,-0.5222110399033223,0.5039600185334614
224,-0.48049148600964886,0.5638040278708624,-0.42984203618345423,0.5162255068848234
225,-0.42668658715172186,0.6660556708693484,-0.3307669985140517,0.5146859162067713
226,-0.3604229424570205,0.7545840815147503,-0.22735201110295442,0.499008245946499
227,-0.2836311546978715,0.8273388762606346,-0.1220371052413057,0.46922350416071845
228,-0.19851788864991984,0.8826363388454745,-0.01727662743407621,0.4257290915358524
229,-0.10750828243847249,0.9192002635800383,0.08452045944718994,0.36928192018613015
230,-0.013182814443933294,0.9361928801683759,0.18104886641961165,0.300982412266144
231,0.08178977650787402,0.9332350967515866,0.270162422038663,0.22224975223395352
232,0.17472182088080096,0.9104155620401131,0.34992530470919436,0.1347889862988034
233,0.26297654476104443,0.8682883239749559,0.4186578060827164,0.04055076769077792
234,0.3440366268602247,0.8078591444525798,0.47497550630951,-0.05831526823231242
235,0.4155697519174629,0.7305608102484561,0.5178209079765776,-0.15951235401275207
236,0.4754895013508747,0.638218052401416,0.5464867651870378,-0.260652387615097
237,0.5220100387205376,0.5330029432100609,0.5606305526800675,-0.3593142989167557
238,0.5536932029531839,0.41738187525577575,0.5602797419436143,-0.4531035400203962
239,0.5694868124617767,0.2940554346572889,0.5458277813870156,-0.5397112235693925
240,0.5687532035212424,0.1658926559160101,0.5180209100714506,-0.6169714393115769
241,0.5512872710333252,0.035861283878763694,0.47793616344082124,-0.6829153218303625
242,0.5173235430135485,-0.09304423390243016,0.4269511492416758,-0.7358205206044697
243,0.4675320951861168,-0.21787524621825827,0.36670637688734425,-0.7742548354426788
244,0.40300339210418223,-0.33580009973796304,0.299061108795748,-0.7971129231008309
245,0.32522241922539147,-0.44417228783482554,0.22604386309592703,-0.8036451509898075
246,0.23603273941596653,-0.5405938688167877,0.1497988295493981,-0.793477867106024
247,0.13759136070399486,-0.6229725946461285,0.07252956127384322,-0.7666245668649803
248,0.0323155334179535,-0.6895713488786024,-0.003558628613136647,-0.7234876621394772
249,-0.07717720165824243,-0.7390486849395178,-0.07631610564100552,-0.664850789916928
250,-0.18813422190104537,-0.7704894781779819,-0.1437047340717913,-0.5918618318256933
251,-0.29773666262872944,-0.7834249518540417,-0.20385066695436183,-0.5060070455255078
252,-0.4031701695850677,-0.7778416021615997,-0.25509277242972883,-0.40907692889912495
253,-0.5016957956752736,-0.7541788239667637,-0.29602547373421845,-0.30312464265099753
254,-0.5907192676546811,-0.7133153202509658,-0.3255349221307821,-0.1904180012238587
255,-0.667856886924677,-0.6565446572795667,-0.34282759084383724,-0.07338620129931256
256,-0.7309964104080068,-0.5855405973174022,-0.3474505697466677,0.045437412409856714
257,-0.7783513806345044,-0.5023130945618455,-0.3393030502485079,0.1634751460868577
258,-0.8085075356159283,-0.409156071540578,-0.3186387122982865,0.2781658587940452
259,-0.8204601248143828,-0.30858829676105,-0.2860589550905237,0.3870254783657009
260,-0.813641182648203,-0.20328885483866377,-0.2424971441746681,0.48770565145827993
261,-0.7879360599316297,-0.09602883343384436,-0.18919427444366904,0.5780490940452099
262,-0.7436887802144999,0.010399056208568014,-0.12766666523200693,0.6561402901831105
263,-0.6816960655398294,0.11325115879146994,-0.0596665050579325,0.7203503018907378
264,-0.6031901577579708,0.20990208285745693,0.012863755642978508,0.7693745986103108
265,-0.5098108402119945,0.29791070420694,0.08784200965723912,0.8022629873430779
266,-0.40356733339598727,0.37508131416187795,0.163100815011063,0.8184409198744735
267,-0.2867909903882772,0.4395183853537924,0.2364440581247852,0.8177216666724627
268,-0.16207994718817187,0.48967358918435483,0.3057045221098545,0.8003090727565068
269,-0.03223708381978052,0.5243838946391948,0.36880089997352566,0.7667908434824606
270,0.09979718079728811,0.5428998028347729,0.4237928048876826,0.7181225419886998
271,0.23101560784387182,0.5449030199200342,0.46893237840472135,0.6556027091907404
272,0.3584166307308949,0.5305131365290535,0.5027111813609276,0.5808397360032453
273,0.4790768344743098,0.5002831582453563,0.5239011691135488,0.4957113204755253
274,0.5902216356159514,0.45518401158551747,0.5315886998028837,0.40231752471105353
275,0.6892924195552333,0.3965784268368291,0.52520069785215,0.302928603282909
276,0.7740084790212561,0.32618486577134703,0.5045222905904615,0.19992890246856498
277,0.8424222254257391,0.24603241214039132,0.46970544882764304,0.09575822485169896
278,0.8929663108177273,0.1584077696830078,0.42126838711086984,-0.007147885676305199
279,0.9244914979859047,0.06579571049041366,0.36008571063858263,-0.1064174592195638
280,0.9362943449584187,-0.029185518996617144,0.28736952762285284,-0.19979954873222744
281,0.9281340220466061,-0.12385220042903368,0.20464197248693297,-0.28521839468226545
282,0.9002378484050937,-0.21552483479947795,0.11369980099796775,-0.36082297201903035
283,0.8532954141512107,-0.30159776026319535,0.016571917872680392,-0.42503070328007875
284,0.7884414364618442,-0.37960693584426636,-0.08452912443214863,-0.4765642691722153
285,0.7072277767234607,-0.4472941760180903,-0.1872604645831074,-0.5144806219239025
286,0.6115853138222606,-0.502666209822941,-0.28920579482116676,-0.538191502776682
287,0.5037766193622423,-0.5440470675883707,-0.3879343426584932,-0.5474749782579714
288,0.38634060775751167,-0.5701224653453262,-0.4810605121057489,-0.5424777350257559
289,0.26203053211557203,-0.5799750573323652,-0.5663027056460257,-0.5237081044718923
290,0.13374686069315977,-0.5731096557315012,-0.6415398659063539,-0.49202002013627805
291,0.0044666943959783545,-0.5494677681431712,-0.7048643300978656,-0.4485883375307743
292,-0.122828529807192,-0.5094310710632092,-0.7546296794745284,-0.39487616154557736
293,-0.2452252636669628,-0.4538137150666825,-0.7894923880993003,-0.3325950258348848
294,-0.3599482181122215,-0.38384363760117646,-0.8084462270858843,-0.2636589464848993
295,-0.4644271445239665,-0.30113333524355074,-0.8108485584405611,-0.19013352442236858
296,-0.5563583827105193,-0.207640812081161,-0.796437852247879,-0.11418139363659427
297,-0.633759663032945,-0.10562166792066512,-0.7653419772710321,-0.03800540231197595
298,-0.6950168192170681,0.002426486874845285,-0.7180770427000835,0.036209030833982886
299,-0.7389212707761836,0.11382590954813768,-0.6555368021226257,0.10635092370493018
300,-0.7646973646036017,0.22578535653927606,-0.5789728640129224,0.17043865781392742
301,-0.7720189184214946,0.3354698081013658,-0.4899661803396359,0.22667143528713646
302,-0.7610145780764063,0.44007154609764076,-0.3903905006275421,0.2734759647394979
303,-0.7322618794372353,0.536880809097331,-0.2823686776106518,0.30954719615989357
304,-0.6867701869272607,0.6233542571649435,-0.1682228875386204,0.3338820757848592
305,-0.6259529574976179,0.6971795311451692,-0.05041997884512717,0.3458054685591964
306,-0.5515900442281267,0.7563342864963355,0.06848671649147542,0.344987593751873
307,-0.4657810011118662,0.7991382174620706,0.18591768696863864,0.33145253365602556
308,-0.3708905737822978,0.824296760227154,0.2993281866432901,0.30557760068319045
309,-0.26948775442028733,0.8309353693852704,0.4062683310769219,0.26808357891905876
310,-0.1642799380203288,0.8186234954405929,0.504440874960115,0.22001608656217914
311,-0.05804383765028985,0.7873876463658546,0.5917552596345295,0.16271852984874838
312,0.0464451046816175,0.7377131870936713,0.6663766110828409,0.09779733146133686
313,0.1464830393888808,0.670534810482677,0.7267684939650583,0.02708031170646194
314,0.2395059994824143,0.5872158948113182,0.7717283818332876,-0.047430725967940485
315,0.3231544489552622,0.48951723919873047,0.8004149839123611,-0.12361200660229772
316,0.3953324743084757,0.37955593264871723,0.8123667703076838,-0.19927307707807104
317,0.4542601400114543,0.2597553580743629,0.807511255183836,-0.2722139818228697
318,0.49851770146736696,0.13278755356336042,0.7861648259350793,-0.3402828726292555
319,0.5270805744186324,0.00150934378100398,0.7490231399617285,-0.4014325917931263
320,0.5393441925373381,-0.13110618997582396,0.6971423435678981,-0.4537747918636751
321,0.5351381393749488,-0.2620412158478843,0.631911593918662,-0.49563021543733193
322,0.5147292105294671,-0.3883058734856225,0.5550175793130354,-0.5255738531336753
323,0.47881334008197607,-0.5070104208013266,0.4684019299212946,-0.5424738248103853
324,0.4284966051012978,-0.6154350273541375,0.3742125857137491,-0.545522985048029
325,0.36526579632140266,-0.7110954937521393,0.2747503362438261,-0.5342624350794263
326,0.2909493051033151,-0.7918032766222585,0.17241186457584393,-0.5085963251377611
327,0.2076693199513141,-0.8557183391148269,0.06963071205761232,-0.46879754861973455
328,0.11778654408457905,-0.9013935240871108,-0.031182370249444813,-0.4155041570815557
329,0.02383883341333054,-0.9278093566463714,-0.12769820505700719,-0.34970655722499266
330,-0.07152469296239367,-0.9343984194183352,-0.21772565300419738,-0.2727257818928104
331,-0.16561240374351674,-0.9210587018567303,-0.29926436357097963,-0.1861833509117839
332,-0.25576002980207074,-0.8881555977086949,-0.37055251382007226,-0.09196344880428725
333,-0.33939989525076775,-0.8365125056157535,-0.4301083632626803,0.00783166034254601
334,-0.4141277542323389,-0.7673902697755381,-0.4767646094247012,0.11093189004258039
335,-0.4777655420309174,-0.6824559736041285,-0.50969471011151,0.21495402630396448
336,-0.5284184510859998,-0.5837418625600032,-0.5284305403896408,0.3174595130569585
337,-0.5645248843210304,-0.4735954161730609,-0.5328709698705448,0.4160139014881835
338,-0.5848980163427583,-0.3546218078050746,-0.5232811735555101,0.5082464926684035
339,-0.5887579030777093,-0.22962017832111195,-0.5002827215940063,0.5919086954470328
340,-0.5757533170443718,-0.1015153020150883,-0.46483472402238907,0.6649296509497966
341,-0.5459727428046988,0.026713663969597512,-0.41820653012659653,0.7254677404482599
342,-0.4999442387687951,0.1521055846502003,-0.36194269293041276,0.7719566932635504
343,-0.43862415065634414,0.2717891175510899,-0.29782110218983987,0.8031451432538405
344,-0.36337494157399897,0.3830520767444966,-0.2278053593640754,0.8181286430524397
345,-0.2759326768603135,0.48340668041821605,-0.15399261109496212,0.8163733305883385
346,-0.17836496175114974,0.5706490757541003,-0.0785581701969299,0.7977306479356363
347,-0.07302037002946252,0.6429116787258007,-0.00369833223977703,0.7624427331002503
348,0.037529383860644874,0.6987070465245029,0.06842716046506828,0.7111383354838485
349,0.15055309359892766,0.7369622121992114,0.1357515483681359,0.6448193397486525
350,0.26322794762512114,0.7570426494622831,0.1963549478731184,0.5648382148278694
351,0.37270996260847195,0.7587652945130237,0.24851434357277563,0.4728669291180626
352,0.47620520691790375,0.7424003247129809,0.29074841425937414,0.3708580838757556
353,0.571040035260134,0.7086616741972002,0.3218560585284966,0.2609992092758656
354,0.6547285780382806,0.6586865470390051,0.3409476453120932,0.14566133668872472
355,0.7250357952147142,0.594004462408098,0.34746819862213657,0.027343102291436494
356,0.7800345129072601,0.5164966264498421,0.3412119295509286,-0.09138825237197234
357,0.8181550089221596,0.4283466658821153,0.32232774705347433,-0.20795754057664068
358,0.8382258972579653,0.3319839725727976,0.29131560675913537,-0.31984246806735916
359,0.8395052767350346,0.23002109129125548,0.2490137883208395,-0.4246331606473015
360,0.821701349967354,0.12518672987183516,0.19657742081895635,-0.5200889267711732
361,0.7849819798999268,0.020256078531846005,0.135448796757795,-0.6041908688252169
362,0.7299729255912258,-0.0820198096152532,0.06732022268944363,-0.6751890597095777
363,0.6577447799940122,-0.1789838033313547,-0.00590965672596408,-0.7316431360253782
364,0.569788913180358,-0.26813989264803506,-0.08218495909376511,-0.7724553222589636
365,0.46798299777762253,-0.3472161188299109,-0.15934584924047274,-0.7968950877911086
366,0.35454695252239204,-0.41422165953072154,-0.23518466223283496,-0.8046148456765698
367,0.23199037834237585,-0.46749664178423544,-0.3075034450100176,-0.7956563237881007
368,0.10305277329815138,-0.5057534391187507,-0.3741714598195367,-0.7704474695861061
369,-0.029362007225486486,-0.5281084237603892,-0.4331811918109968,-0.7297899837256006
370,-0.162255434985544,-0.5341033852216944,-0.482701438863474,-0.6748378091300944
371,-0.29260642414707383,-0.5237160865448638,-0.521126133125762,-0.6070671252961978
372,-0.41744410225979767,-0.4973597025801625,-0.5471176490649831,-0.528238606899842
373,-0.5339194446856195,-0.4558711640990404,-0.5596434894316985,-0.4403528960575808
374,-0.6393740075465283,-0.40048871028090255,-0.558005405059239,-0.345600404131855
375,-0.7314040654178836,-0.3328192232032939,-0.5418601927249459,-0.24630669762844576
376,-0.8079185732088726,-0.2547961746290846,-0.5112316227179433,-0.14487483008343383
377,-0.8671895241405783,-0.16862925120430738,-0.4665131691107559,-0.04372605522284981
378,-0.9078934636614402,-0.07674693326102011,-0.40846144549884555,0.05475960570395627
379,-0.9291431378605437,0.01826652046778765,-0.33818048141947066,0.14830146858192236
380,-0.9305084990107815,0.11373808919760829,-0.2570972039866006,0.2347735249908894
381,-0.9120265542281272,0.20697531368265162,-0.1669287097547794,0.31225564809678896
382,-0.8741998193196342,0.2953361748629352,-0.06964211794355396,0.37907940477845514
383,-0.817983421845631,0.37629776092504685,0.032592017237158155,0.4338673496829668
384,-0.7447611782282662,0.4475219859426714,0.13745159498908016,0.4755648415693974
385,-0.6563112424165366,0.5069166965998899,0.24251888269681315,0.5034636107221716
386,-0.5547621813868003,0.5526906185379301,0.345339080131148,0.5172165136742007
387,-0.4425405692093792,0.5834007477356942,0.44348008775449577,0.5168431327884115
388,-0.3223114006695613,0.5979909811959783,0.5345920013165097,0.5027261078709786
389,-0.19691280229632763,0.5958210003495912,0.6164648591892115,0.4755983191928337
390,-0.0692866587330136,0.5766846645371829,0.6870832098111667,0.43652127027767784
391,0.05759312779401993,0.5408174345927123,0.7446761431928575,0.386855238856688
392,0.18079297006076428,0.48889262137278233,0.7877615407932882,0.3282219700002417
393,0.2974907326827963,0.42200653418857687,0.8151834394844457,0.2624608714843017
394,0.40504391689186187,0.3416528825032046,0.826141574272359,0.19157983329396205
395,0.5010532120735374,0.24968705400042598,0.8202123567522326,0.11770192677404384
396,0.5834198497794727,0.14828114646829516,0.7973607571694947,0.043009340978869826
397,0.6503953516494612,0.039870863514456165,0.7579427822010221,-0.030314018287958683
398,0.7006224533377599,-0.07290441087930864,0.7026984725939814,-0.10013980910408675
399,0.733166207370058,-0.18726687167706202,0.6327355788372531,-0.16445096052130379
400,0.7475345133491214,-0.3003692634465034,0.5495043032783694,-0.22139439380221268
401,0.7436875879512549,-0.4093658449880544,0.4547637178137497,-0.2693294217954635
402,0.7220361631239708,-0.5114835785436137,0.3505406719866039,-0.30687060026112034
403,0.6834284819251042,-0.6040917662921239,0.23908219191124347,-0.3329239455228846
404,0.6291264405266211,-0.6847683932772155,0.12280253129149576,-0.3467156006112825
405,0.5607714950852128,-0.7513615158022259,0.004226167916030477,-0.34781222286747515
406,0.48034120672317193,-0.802044155696799,-0.11407186088889998,-0.3361325750201535
407,0.390097530425043,-0.8353613206991342,-0.22952682477608954,-0.31195002379272246
408,0.2925281584465409,-0.8502679655420514,-0.3396448803316315,-0.27588587958315586
409,0.1902824007544844,-0.8461569323490357,-0.44206188334025764,-0.22889374193813444
410,0.08610321979427611,-0.8228761570701248,-0.5345989963178818,-0.17223524262611947
411,-0.01724286883441061,-0.780734694742641,-0.6153137339277929,-0.10744779541394471
412,-0.11703626675850579,-0.7204973937296985,-0.6825452021506527,-0.036305163724555195
413,-0.21067336387793759,-0.6433683308639615,-0.7349524311062035,0.039228160863714126
414,-0.2957324765946949,-0.5509633985913266,-0.771544872640175,0.11704761937996308
415,-0.37003499997711053,-0.4452727048154506,-0.7917043279339593,0.19496300743707115
416,-0.4317002421541451,-0.32861369947523256,-0.7951977826348096,0.2707552842216213
417,-0.4791925690340628,-0.20357617263060696,-0.7821808520621364,0.34223433256608277
418,-0.5113596814932836,-0.07296047123883592,-0.7531917713221241,0.4072962084188091
419,-0.5274610706254524,0.06028954917186713,-0.7091360988828721,0.4639784289129066
420,-0.5271859438852816,0.19315719029663592,-0.6512625315150247,0.5105118955040471
421,-0.510660179820133,0.32262545612841753,-0.5811304477881314,0.5453681311348948
422,-0.47844214492974724,0.44574969170843776,-0.5005700010834212,0.5673006260460147
423,-0.4315074861319552,0.5597285268559714,-0.4116357662789356,0.5753792328157826
424,-0.37122328933936055,0.6619713774952817,-0.3165551023380287,0.5690167238428269
425,-0.29931226184175197,0.7501608418983945,-0.21767252206769883,0.5479868194857871
426,-0.2178078468606876,0.8223084551459157,-0.1173914571159074,0.5124332075867578
427,-0.12900140652823316,0.8768024292450818,-0.01811486845663468,0.46286929982928987
428,-0.03538280894302079,0.9124462045541656,0.07781382135805076,0.4001687017142411
429,0.06042407911379449,0.9284868655166258,0.1681680086435116,0.3255466051047545
430,0.1557293639119425,0.9246327245529824,0.2508919834160597,0.24053253950113018
431,0.2478468435896857,0.9010596460543252,0.3241504628125274,0.146935134782375
432,0.3341637122391257,0.8584059611009405,0.3863723630022798,0.04679974868493292
433,0.41220848713203334,0.7977561058609668,0.4362877355011118,-0.05764000823378762
434,0.4797154408016619,0.7206133955858733,0.47295696643157004,-0.1640156634669467
435,0.5346839066035873,0.6288626147752822,0.4957915322182503,-0.26988087805141747
436,0.5754309541852858,0.5247233557518513,0.5045658175794636,-0.37277064345827776
437,0.600636096813734,0.4106952663139167,0.49941972616716457,-0.4702612194800001
438,0.6093768916124312,0.2894965666401459,0.4808520452018179,-0.5600293318189348
439,0.6011545214764724,0.16399736125313694,0.4497047571758046,-0.6399091640099068
440,0.5759086980808581,0.037149399496042346,0.4071387183689635,-0.7079457306861664
441,0.5340214927171351,-0.08808597552783293,0.354601339871775,-0.7624433067399955
442,0.47630997900927236,-0.20880990639417096,0.29378710665482205,-0.8020077074762029
443,0.4040078519471856,-0.3222563471598717,0.22659194896983206,-0.8255813654281772
444,0.3187364641290843,-0.42585889895871026,0.15506263355897953,-0.8324703263696075
445,0.22246598571557707,-0.5173125074238494,0.08134246596609274,-0.8223624858254452
446,0.11746764272925797,-0.5946285035062263,0.007614686601211618,-0.795336603129484
447,0.006258212780109379,-0.6561816364837731,-0.06395500016381923,-0.751861857436805
448,-0.10846184755607792,-0.7007479486917397,-0.1312753041012884,-0.6927879434301337
449,-0.22387510851513973,-0.727532570733262,-0.1923841908146066,-0.6193259379633576
450,-0.3371170481406424,-0.7361867679288806,-0.24550029575598623,-0.5330203967608473
451,-0.44534736911212913,-0.7268138372427205,-0.289069606596577,-0.4357133568752658
452,-0.5458209739182974,-0.6999637321834564,-0.3218062299539431,-0.32950112051631764
453,-0.6359568271067004,-0.6566165742777414,-0.3427262081655883,-0.21668487412966309
454,-0.713402983742837,-0.5981554866431218,-0.3511735274298484,-0.09971634880009944
455,-0.7760961565616213,-0.5263294510419615,-0.34683765581739645,0.018860149608083077
456,-0.8223143282816316,-0.4432071379509734,-0.32976216344783266,0.13646792271536723
457,-0.8507210868577328,-0.3511228834509995,-0.3003442021732353,0.2505588021075543
458,-0.8604005658160532,-0.25261618154117416,-0.2593248527779927,0.35867332197788
459,-0.8508821041680511,-0.15036622096372038,-0.20777057821532066,0.4584986709115926
460,-0.8221539949611723,-0.04712311779757629,-0.14704624598341176,0.547923007256127
461,-0.7746659619581899,0.05436242409302343,-0.07878039577184572,0.625084813023127
462,-0.7093202835182767,0.15140925518655562,-0.004823624646306771,0.688416084558371
463,-0.6274517645190963,0.24147396222449694,0.07279886363034851,0.7366783112211243
464,-0.5307970340973596,0.3222153780029592,0.1519393503897717,0.7689903722251594
465,-0.42145391219851763,0.3915538007729347,0.2303830219544319,0.7848476821574867
466,-0.30183183480896625,0.4477234390850264,0.305905319239867,0.7841321325200782
467,-0.17459455014739528,0.48931676908976085,0.37632976829042847,0.7671126045404645
468,-0.04259649047226827,0.5153196952694544,0.43958482889611716,0.7344360617992618
469,0.09118561827172328,0.5251366372236819,0.4937583210197537,0.6871094641245781
470,0.22372422792459962,0.5186049186622956,0.5371480474621806,0.6264729709144528
471,0.3520137625427563,0.4959981038339121,0.5683073245587191,0.5541651169340803
472,0.4731429441546555,0.45801820450330727,0.5860842584172288,0.4720808413563985
473,0.5843648691966862,0.4057769603391079,0.5896537591535876,0.38232342646342987
474,0.6831631101826728,0.34076667018705614,0.578541465898282,0.2871515516437871
475,0.7673122151934859,0.26482131431726824,0.5526389565485249,0.18892278741087376
476,0.8349311162073074,0.18006895177918425,0.5122098333111298,0.09003494018076033
477,0.8845281326837875,0.08887659637268129,0.4578865026105212,-0.00713329063205792
478,0.9150364648074658,-0.006211036039424411,0.39065770025048807,-0.10028086726280697
479,0.9258393062117112,-0.10253736182529721,0.31184704402104935,-0.187240726442347
480,0.9167839629913732,-0.1974026828582296,0.22308312046114703,-0.2660324554777391
481,0.8881846379756387,-0.28813412221649487,0.12626182461703567,-0.3349100298930958
482,0.8408138198041961,-0.37215497532624603,0.023501866077090094,-0.3924034366020497
483,0.7758824983500174,-0.44705172340294397,-0.08290547354418637,-0.4373531614302182
484,0.6950097044476645,-0.5106370138135593,-0.19055110145652723,-0.4689366999722331
485,0.6001821358433173,-0.5610070122405937,-0.2969660480986903,-0.4866864517408339
486,0.4937048762190528,-0.596591671782525,-0.39968114910787184,-0.4904985743150245
487,0.3781444339704694,-0.6161966408768329,-0.49628700305171153,-0.4806326012987657
488,0.25626551667235353,-0.6190357407722761,-0.5844927238674317,-0.45770185968291016
489,0.13096311115155995,-0.6047531789957312,-0.6621820345103059,-0.4226549528679927
490,0.0051915539789650356,-0.5734349219720054,-0.7274653120167461,-0.37674879939108197
491,-0.11810764985289857,-0.5256089212549468,-0.7787262924703792,-0.32151392871661305
492,-0.2360774730831996,-0.4622341669394802,-0.814662274794203,-0.25871292902279763
493,-0.34601470541795276,-0.3846788217775794,-0.8343168216507287,-0.1902931129099763
494,-0.44543527338446687,-0.29468796332224656,-0.837104140063542,-0.11833461110922563
495,-0.5321339301889368,-0.1943417222322837,-0.8228245291069356,-0.04499521798387751
496,-0.6042368468130167,-0.08600484616695794,-0.791670502062162,0.02754660693977845
497,-0.6602458138918708,0.027731065548308842,-0.7442234203467136,0.09714913200460563
498,-0.6990729742205394,0.14411122649512131,-0.6814407105757755,0.16176368282931428
499,-0.7200652427824753,0.2602856477434134,-0.6046339684988008,0.21948847772216612
