,0,1,2,3
0,-0.48238807376476045,0.0,0.8759576167198525,0.0
1,-0.4754977199249592,-0.005710918264920173,0.8796900565430463,0.00383512425201359
2,-0.4685738594159308,-0.011465470003843257,0.8833168288788155,0.007645985163734777
3,-0.4616177966145285,-0.017263014511961022,0.8868372407189907,0.011432701020952486
4,-0.4546308364934523,-0.023102896315399746,0.890250615595317,0.015195398094918388
5,-0.4476142843331722,-0.028984445265389354,0.8935562937306585,0.018934210516647586
6,-0.4405694454344248,-0.03490697663645946,0.8967536321869195,0.02264928014909209
7,-0.4334976248313534,-0.04086979122864352,0.8998420050096367,0.026340756457227374
8,-0.42640012700535723,-0.04687217547367151,0.902820803369217,0.0300087963760926
9,-0.4192782555997193,-0.05291340154513134,0.9056894356987808,0.03365356417682599
10,-0.4121333131350819,-0.05899272747257641,0.9084473278285797,0.037275231330737096
11,-0.4049666007258336,-0.06510939725955742,0.9110939231169561,0.040873976371458134
12,-0.39777941779747944,-0.07126264100555495,0.9136286825778144,0.044449984755217206
13,-0.390573061805057,-0.07745167503178763,0.9160510850045694,0.04800344871927688
14,-0.38334882795266806,-0.0836757020108707,0.918360627090547,0.05153456713858169
15,-0.3761080089141908,-0.08993391110029844,0.9205568235458008,0.055043545380658566
16,-0.3688518945552376,-0.09622547807972283,0.9226392072103243,0.05853059515881529
17,-0.361581771656426,-0.10254956549199945,0.9246073291636274,0.061995934383681596
18,-0.35429892363802695,-0.10890532278797163,0.9264607588306469,0.06543978701313871
19,-0.3470046302860538,-0.11529188647496239,0.9281990840839712,0.06886238290068301
20,-0.33970016747985843,-0.12170838026894167,0.9298219113423511,0.0722639576422702
21,-0.3323868069212981,-0.12815391525033784,0.931328865665472,0.07564475242168672
22,-0.3250658158655352,-0.13462759002345925,0.9327195908449657,0.07900501385449528
23,-0.31773845685353347,-0.14112849087949142,0.9339937494916389,0.08234499383060229
24,-0.310405987446315,-0.1476556919630349,0.9351510231188946,0.08566494935549415
25,-0.30306965996103635,-0.15420825544214786,0.9361911122223303,0.08896514239019164
26,-0.2957307212089495,-0.16078523168185527,0.9371137363554859,0.09224583968996962
27,-0.2883904122353049,-0.16738565942108793,0.9379186342017318,0.09550731264189177
28,-0.28104996806126076,-0.174008565953012,0.9386055636422708,0.09874983710120855
29,-0.273710617427854,-0.18065296730870822,0.93917430182024,0.10197369322666833
30,-0.2663735825420979,-0.18731786844416204,0.9396246452008946,0.10517916531479078
31,-0.2590400788252589,-0.19400226343052102,0.9399564096278656,0.10836654163315276
32,-0.2517113146633775,-0.20070513564757939,0.9401694303754622,0.11153611425273618
33,-0.24438849116008318,-0.2074254579804431,0.9402635621970208,0.1146881788793887
34,-0.23707280189176894,-0.21416219301933626,0.9402386793692769,0.11782303468444769
35,-0.22976543266517296,-0.22091429326249876,0.9400946757327562,0.12094098413457763
36,-0.22246756127743147,-0.22768070132213214,0.939831464728166,0.1240423328208726
37,-0.21518035727865015,-0.23446035013334815,0.9394489794287831,0.1271273892872742
38,-0.2079049817370543,-0.24125216316606957,0.9389471725688265,0.13019646485835698
39,-0.20064258700676887,-0.24805505463983663,0.938326016567809,0.13324987346653192
40,-0.19339431649827993,-0.25486792974147215,0.9375855035508556,0.13628793147871976
41,-0.18616130445163434,-0.26168968484555133,0.9367256453649878,0.1393109575225463
42,-0.1789446757124229,-0.2685192077376304,0.935746473591369,0.14231927231211092
43,-0.17174554551060414,-0.2753553778401792,0.9346480395534958,0.14531319847337965
44,-0.16456501924221345,-0.28219706644116843,0.933430414321351,0.1482930603692567
45,-0.15740419225401042,-0.28904313692525685,0.9320936887114937,0.15125918392438348
46,-0.15026414963111057,-0.29589244500752754,0.930637973283106,0.1542118964497199
47,-0.14314596598765092,-0.3027438389697165,0.9290633983299769,0.15715152646695824
48,-0.13605070526053434,-0.3095961598988817,0.9273701138684384,0.16007840353282315
49,-0.1289794205063018,-0.3164482419284538,0.9255582896212445,0.16299285806330802
50,-0.12193315370117319,-0.32329891248161735,0.9236281149974057,0.16589522115790178
51,-0.11491293554430637,-0.3301469925169604,0.9215797990679676,0.16878582442385698
52,-0.107919785264313,-0.33699129677634,0.9194135705377542,0.17166499980055197
53,-0.10095471042907878,-0.34383063403490277,0.9171296777130682,0.17453307938399834
54,-0.09401870675892554,-0.35066380735320274,0.9147283884653603,0.1773903952515467
55,-0.08711275794315904,-0.3574896143313595,0.9122099901908711,0.18023727928684197
56,-0.08023783546004137,-0.3643068473651935,0.9095747897662584,0.18307406300507964
57,-0.07339489840022784,-0.37111429390428063,0.9068231135002113,0.18590107737861633
58,-0.06658489329370598,-0.3779107367118668,0.9039553070810677,0.18871865266298435
59,-0.05980875394027396,-0.38469495412657784,0.9009717355204411,0.19152711822336282
60,-0.053067401243596324,-0.3914657203258647,0.8978727830928697,0.19432680236155653
61,-0.04636174304887142,-0.39822180559112336,0.8946588532715007,0.19711803214353374
62,-0.039692673984143334,-0.40496197657442434,0.8913303686598226,0.19990113322757386
63,-0.033061075305297616,-0.41168499656679103,0.8878877709194594,0.20267642969307595
64,-0.026467814744766227,-0.4183896257679586,0.8843315206940416,0.20544424387007845
65,-0.01991374636397969,-0.42507462155755865,0.8806620975291716,0.20820489616954138
66,-0.01339971040959348,-0.4317387387676537,0.8768799997884982,0.21095870491443977
67,-0.006926533173518712,-0.4383807299565669,0.8729857445659214,0.21370598617172049
68,-0.0004950268567901484,-0.44499934568393495,0.8689798675939389,0.21644705358516933
69,0.005894010562707552,-0.4515933347869219,0.8648629231481662,0.21918221820924133
70,0.01223979545862297,-0.4581614446575282,0.8606354839480355,0.22191178834390055
71,0.01854155868060664,-0.46470242152092744,0.8562981410537118,0.22463606937051975
72,0.024798545674840744,-0.47121501071476346,0.8518515037592307,0.22735536358888833
73,0.03101001660060476,-0.47769795696934403,0.8472961994818948,0.23006997005537702
74,0.03717524644285575,-0.4841500046886621,0.8426328736479477,0.2327801844223067
75,0.043293525120800314,-0.4905698982321768,0.8378621895745484,0.23548629877857039
76,0.04936415759243862,-0.496956382197286,0.832984828348075,0.23818860149155355
77,0.05538646395505917,-0.5033082017024278,0.8280014886987825,0.24088737705040245
78,0.06135977954166694,-0.5096241026707349,0.8229128868718442,0.24358290591068468
79,0.06728345501332753,-0.5159028321141789,0.8177197564948003,0.24627546434048933
80,0.07315685644740749,-0.5221431384181354,0.8124228484414486,0.24896532426801254
81,0.07897936542170175,-0.5283437716263003,0.8070229306922037,0.2516527531306735
82,0.08475037909442609,-0.534503483725889,0.8015207881909554,0.25433801372580644
83,0.0904693102800673,-0.5406210289330494,0.7959172226984594,0.25702136406297216
84,0.09613558752107407,-0.5466951639784187,0.7902130526422897,0.2597030572179342
85,0.10174865515538101,-0.5527246483927593,0.7844091129633908,0.26238334118834306
86,0.10730797337975304,-0.5587082447925977,0.7785062549592572,0.26506245875117157
87,0.11281301830894275,-0.5646447191658028,0.7725053461237825,0.26774064732194314
88,0.11826328203064937,-0.5705328411570316,0.766407269983802,0.27041813881579746
89,0.1236582726562783,-0.5763713843529757,0.7602129259323805,0.2730951595104328
90,0.1289975143674869,-0.5821591265673326,0.7539232290588684,0.2757719299109676
91,0.13428054745852042,-0.5878948501254427,0.7475391099757691,0.27844866461676193
92,0.13950692837432682,-0.5935773421485141,0.7410615146424603,0.281125572190238
93,0.14467622974445254,-0.5992053948373677,0.7344914041857994,0.283802855027741
94,0.14978804041271576,-0.6047778057556389,0.7278297547176609,0.2864807092324767
95,0.15484196546265505,-0.6102933781123582,0.7210775571494408,0.2891593244895676
96,0.1598376262387569,-0.615750921043849,0.7142358170035735,0.29183888394326263
97,0.16477466036346236,-0.6211492498948685,0.7073055542220994,0.29451956407633917
98,0.16965272174995233,-0.6264871864989263,0.7002878029723287,0.2972015345917337
99,0.1744714806107212,-0.6317635594577115,0.6931836114496426,0.29988495829643796
100,0.17923062346193833,-0.6369772044195559,0.6859940416774766,0.30256999098769355
101,0.18392985312360433,-0.6421269643568719,0.6787201693045306,0.305256781341524
102,0.1885688887155122,-0.647211689842491,0.6713630833992523,0.3079454708036348
103,0.19314746564901664,-0.6522302393248381,0.6639238862416346,0.31063619348271615
104,0.19766533561462124,-0.6571814794018704,0.6564036931123817,0.31332907604618265
105,0.20212226656539817,-0.662064285093721,0.648803632079482,0.3160242376183805
106,0.20651804269624557,-0.6668775401139692,0.6411248437822433,0.31872178968129405
107,0.21085246441899763,-0.6716201371394814,0.6333684812128326,0.32142183597778395
108,0.21512534833340047,-0.6762909780787468,0.625535709495371,0.3241244724173853
109,0.2193365271939668,-0.6808889743386484,0.6176277056626357,0.3268297869846965
110,0.22348584987272668,-0.6854130470895997,0.6096456584304168,0.3295378596503883
111,0.2275731813178871,-0.6898621275289814,0.6015907679695756,0.33224876228485767
112,0.23159840250842298,-0.6942351571428155,0.5934642456758633,0.33496255857455975
113,0.23556141040461084,-0.6985310879656091,0.585267313937545,0.33767930394103807
114,0.2394621178945325,-0.7027488828383046,0.5770012059008829,0.3403990454626848
115,0.24330045373656162,-0.7068875156642714,0.5686671652335313,0.3431218217992516
116,0.24707636249785847,-0.7109459716632772,0.5602664458858982,0.3458476631191386
117,0.2507898044888982,-0.7149232476233731,0.5518003118505213,0.34857659102948463
118,0.25444075569404623,-0.7188183521506329,0.543270036919518,0.3513086185090785
119,0.2580292076982151,-0.7226303059166789,0.5346769044401606,0.3540437498441201
120,0.2615551676096246,-0.726358141903941,0.526022207068632,0.3567819805668452
121,0.26501865797868795,-0.730000905648578,0.5173072465220167,0.35952329739704025
122,0.26841971671305725,-0.7335576554810073,0.5085333333285817,0.36226767818646455
123,0.27175839698885046,-0.7370274627639798,0.49970178657640535,0.3650150918661983
124,0.2750347671580975,-0.7404094121281413,0.49081393366040826,0.3677654983969374
125,0.2782489106524211,-0.7437026017050188,0.48187111002784355,0.37051884872224894
126,0.28140092588300225,-0.7469061433573783,0.4728746589223025,0.37327508472480764
127,0.2844909261368455,-0.7500191629068897,0.463825931126294,0.3760341391856258
128,0.28751903946938584,-0.7530408003590465,0.4547262847024541,0.3787959357462948
129,0.2904854085934708,-0.7559702101252803,0.4455770847334447,0.38156038887424926
130,0.2933901907647476,-0.7588065612422171,0.43637970306059787,0.38432740383107095
131,0.29623355766349535,-0.7615490375880147,0.427135518021365,0.3870968766438415
132,0.29901569527293925,-0.7641968380957341,0.41784591418562905,0.3898686940795567
133,0.30173680375407674,-0.7667491769636822,0.4085122820909408,0.3926427336226169
134,0.3043970973170651,-0.7692052838626792,0.39913601797673315,0.3954188634553961
135,0.3069968040892014,-0.7715644041401944,0.3897185235175767,0.39819694244190673
136,0.3095361659795352,-0.773825799021299,0.38026120555553744,0.40097682011456326
137,0.31201543854015945,-0.775988745806385,0.3707654758316916,0.40375833666405586
138,0.3144348908242156,-0.7780525380655993,0.3612327507168591,0.4065413229323369
139,0.31679480524065934,-0.7800164858299433,0.3516644509416199,0.4093256004087303
140,0.3190954774058288,-0.781879915778991,0.34206200132566394,0.41211098122916495
141,0.32133721599185694,-0.7836421714251717,0.3324268305065473,0.41489726817854067
142,0.32352034257197726,-0.785302613294575,0.322760370667901,0.41768425469622483
143,0.3256451914627634,-0.7868606191042326,0.31306405726716763,0.42047172488468676
144,0.3277121095633544,-0.788315583935824,0.30333932876291225,0.4232594535212685
145,0.32972145619170523,-0.7896669204057689,0.29358762634177926,0.4260472060730949
146,0.33167360291791836,-0.7909140588316571,0.2838103936451495,0.42883473871512146
147,0.33356893339469973,-0.7920564473949748,0.2740090764955576,0.43162179835131814
148,0.33540784318498684,-0.7930935523000833,0.2641851226229399,0.43440812263899065
149,0.3371907395868063,-0.7940248579294122,0.25433998139075864,0.4371934400162333
150,0.33891804145540205,-0.7948498669948199,0.24447510352207524,0.4399774697325106
151,0.3405901790226904,-0.7955681006850873,0.23459194082563,0.4427599218823657
152,0.34220759371409554,-0.7961790988095058,0.2246919459219855,0.44554049744224544
153,0.34377073796281143,-0.7966824199375155,0.21477657196979708,0.4483188883104422
154,0.3452800750215509,-0.7970776415343653,0.20484727239227402,0.45109477735013936
155,0.3467360787718275,-0.7973643600927491,0.1949055006038853,0.4538678384355589
156,0.34813923353083276,-0.7975421912603946,0.1849527097373751,0.45663773650119494
157,0.34949003385595584,-0.7976107699635572,0.17499035237114685,0.4594041275941327
158,0.3507889843470073,-0.7975697505263967,0.16501988025707637,0.4621666589294349
159,0.35203659944619836,-0.797418806786199,0.15504274404881424,0.4649249689485878
160,0.3532334032359348,-0.7971576322044132,0.14506039303063567,0.46767868738099516
161,0.3543799292344806,-0.7967859399734717,0.1350742748469006,0.4704274353085067
162,0.35547672018955245,-0.7963034631193684,0.12508583523218053,0.4731708252329673
163,0.3565243278698972,-0.7957099545999595,0.11509651774211466,0.47590846114677055
164,0.357523312854916,-0.7950051873989696,0.10510776348505013,0.47863993860640747
165,0.3584742443223927,-0.7941889546156656,0.0951210108545309,0.48136484480898506
166,0.3593776998343824,-0.7932610695501804,0.08513769526268777,0.48408275867170736
167,0.3602342651213273,-0.7922213657844627,0.07515924887459491,0.4867932509142918
168,0.3610445338644512,-0.7910696972588233,0.06518710034364289,0.48949588414431267
169,0.36180910747650086,-0.7898059383440634,0.05522267454799651,0.4921902129454403
170,0.3625285948808909,-0.788429983909154,0.0452673923281835,0.4948757839685672
171,0.3632036122893145,-0.7869417493844622,0.03532267022588048,0.4975521360257933
172,0.3638347829778831,-0.785341170820483,0.02538992022395009,0.5002188001872486
173,0.36442273706185535,-0.7836282049420839,0.01547054948778498,0.5028752998807353
174,0.36496811126901785,-0.7818028291982196,0.005565960108014023,0.5055211509941611
175,0.3654715487117827,-0.7798650418071258,-0.004322451155366058,0.5081558619807416
176,0.36593369865806064,-0.7778148617969576,-0.01419329312738904,0.5107789339669476
177,0.3663552163009788,-0.7756523290418691,-0.024045180470983196,0.51338986086317
178,0.36673676252749887,-0.7733775042935193,-0.03387673393824936,0.5159881294770774
179,0.3670790036860088,-0.770990469207993,-0.043686580620101056,0.5185732196296383
180,0.3673826113529432,-0.768491326368125,-0.05347335419420601,0.5211446042737788
181,0.3676482620985024,-0.7658801993012182,-0.06323569517118494,0.5237017496156511
182,0.36787663725153136,-0.7631572324921526,-0.07297225113900424,0.5262441152384796
183,0.3680684226636275,-0.7603225913918672,-0.08268167700551743,0.5287711542289539
184,0.3682243084725333,-0.7573764624212227,-0.09236263523909982,0.5312823133061437
185,0.36834498886488987,-0.7543190529702265,-0.10201379610732536,0.5337770329528969
186,0.3684311618384078,-0.751150591392625,-0.11163383791363479,0.5362547475496915
187,0.368483528963523,-0.7478713269958591,-0.12122144723194161,0.5387148855109118
188,0.36850279514460477,-0.7444815300263788,-0.13077531913913137,0.5411568694235099
189,0.36848966838077857,-0.7409814916503165,-0.1402941574453988,0.5435801161880205
190,0.3684448595264295,-0.7373715239295222,-0.1497766749223759,0.5459840371618943
191,0.3683690820514528,-0.733651959792962,-0.1592215935290039,0.5483680383051154
192,0.36826305180131735,-0.7298231530034784,-0.16862764463509872,0.5507315203280633
193,0.3681274867570023,-0.7258854781199224,-0.17799356924256282,0.5530738788415867
194,0.3679631067948807,-0.7218393304546566,-0.18731811820419786,0.5553945045092459
195,0.36777063344660826,-0.7176851260264429,-0.19660005244007095,0.5576927832016931
196,0.3675507896590865,-0.7134233015087131,-0.2058381431513881,0.5599680961531455
197,0.36730429955456256,-0.7090543141732365,-0.2150311720318338,0.5622198201199146
198,0.3670318881909355,-0.7045786418291942,-0.2241779314763243,0.5644473275409506
199,0.3667342813223269,-0.6999967827576657,-0.23327722478714075,0.5666499867003648
200,0.3664122051599888,-0.6953092556415467,-0.24232786637739023,0.5688271618918828
201,0.3660663861336089,-0.6905165994909034,-0.2513286819717582,0.5709782135851923
202,0.3656975506530765,-0.6856193735637843,-0.26027850880450865,0.5731024985941399
203,0.36530642487077913,-0.6806181572824953,-0.2691761958146895,0.5751993702467365
204,0.3648937344444887,-0.675513550145367,-0.27802060383850397,0.5772681785569266
205,0.36446020430090503,-0.6703061716340151,-0.28681060579881057,0.5793082703980775
206,0.3640065583999186,-0.6649966611161297,-0.2955450868917065,0.5813189896781453
207,0.3635335194996557,-0.6595856777437974,-0.3042229447701637,0.5832996775164707
208,0.36304180892237425,-0.6540739003473847,-0.3128430897246744,0.585249672422163
209,0.3625321463212656,-0.6484620273250048,-0.32140444486087083,0.5871683104740215
210,0.362005249448231,-0.6427507765275822,-0.329905946274087,0.5890549255019545
211,0.36146183392269654,-0.636940885139552,-0.33834654322081886,0.5909088492698407
212,0.36090261300152165,-0.631033109555203,-0.3467251982870563,0.5927294116597949
213,0.3603282973500707,-0.6250282252507017,-0.35504088755344876,0.5945159408577839
214,0.3597395948145059,-0.6189270266518208,-0.36329260075727476,0.5962677635405482
215,0.359137210195363,-0.6127303269973943,-0.37147934145117684,0.5979842050637776
216,0.3585218450224699,-0.6064389581985385,-0.37960012715864017,0.599664589651498
217,0.35789419733127276,-0.6000537706936591,-0.38765398952617314,0.6013082405866123
218,0.3572549614406228,-0.593575633299277,-0.3956399744721717,0.6029144804025531
219,0.35660482773209184,-0.5870054330567124,-0.40355714233242546,0.6044826310759916
220,0.35594448243086746,-0.5803440750746454,-0.41140456800225106,0.606012014220558
221,0.3552746073882938,-0.5735924823676029,-0.41918134107521215,0.6075019512815175
222,0.3545958798661114,-0.5667515956903939,-0.4268865659784138,0.6089517637313551
223,0.35390897232245716,-0.5598223733685335,-0.43451936210432923,0.6103607732662144
224,0.35321455219967923,-0.5528057911246964,-0.44207886393914847,0.6117283020031445
225,0.35251328171402657,-0.5457028419012289,-0.44956422118761524,0.6130536726780966
226,0.3518058176472659,-0.5385145356787644,-0.45697459889433756,0.6143362088446218
227,0.35109281114028673,-0.5312418992909813,-0.4643091775615382,0.6155752350732194
228,0.35037490748874456,-0.5238859762355398,-0.47156715326323595,0.6167700771512807
229,0.34965274594080115,-0.516447826481243,-0.47874773775582685,0.6179200622835739
230,0.34892695949701297,-0.5089285262714613,-0.48585015858505387,0.6190245192932236
231,0.3481981747124233,-0.5013291679238692,-0.49287365918934073,0.6200827788231241
232,0.34746701150091086,-0.49365085962652816,-0.49981749899947225,0.6210941735377398
233,0.34673408294184627,-0.48589472523037097,-0.5066809535346096,0.6220580383252338
234,0.3459999950891081,-0.47806190403812787,-0.5134633144946148,0.6229737104998745
235,0.3452653467825104,-0.4701535505897399,-0.5201638898486799,0.6238405300046672
236,0.34453072946169183,-0.4621708344443137,-0.5267820039202378,0.6246578396141521
237,0.34379672698251584,-0.45411493995865565,-0.5333169974681466,0.6254249851373201
238,0.3430639154360309,-0.4459870660624465,-0.5397682277641292,0.6261413156205887
239,0.34233286297003873,-0.4377884260300945,-0.5461350686664679,0.6268061835507858
240,0.3416041296133199,-0.4295202472493288,-0.5524169106899253,0.6274189450580856
241,0.34087826710256147,-0.4211837709865725,-0.5586131610719,0.6279789601188437
242,0.34015581871203393,-0.41278025214916597,-0.564723243834796,0.628485592758277
243,0.3394373190860628,-0.4043109590444663,-0.5707465998446029,0.6289382112529301
244,0.3387232940743395,-0.39577717313590804,-0.5766826868656771,0.6293361883328824
245,0.33801426057011497,-0.3871801887960536,-0.5825309796117224,0.6296789013836319
246,0.3373107263513211,-0.3785213130567047,-0.5882909697929564,0.6299657326476061
247,0.3366131899246571,-0.36980186535612103,-0.5939621661594687,0.6301960694252478
248,0.33592214037269125,-0.3610231772834129,-0.5995440945407579,0.6303693042756141
249,0.33523805720400707,-0.35218659232015304,-0.6050362978814524,0.6304848352164443
250,0.3345614102064459,-0.34329346557927826,-0.610438336273207,0.6305420659236327
251,0.3338926593034761,-0.33434516354132615,-0.6157497869827775,0.630540405930057
252,0.333232254413729,-0.32534306378808314,-0.6209702444762776,0.6304792708237117
253,0.3325806353137437,-0.3162885547336842,-0.6260993204396108,0.6303580824450827
254,0.3319382315039504,-0.3071830353532419,-0.6311366437950826,0.6301762690837207
255,0.33130546207793216,-0.29802791490905384,-0.6360818607142031,0.6299332656739497
256,0.3306827355949987,-0.2888246126744605,-0.6409346346266702,0.6296285139896641
257,0.3300704499561057,-0.2795745576554071,-0.6456946462255495,0.629261462838159
258,0.32946899228315296,-0.2702791883097736,-0.6503615934686539,0.628831568252936
259,0.32887873880169405,-0.2609399522645475,-0.6549351915761219,0.6283382936854408
260,0.32830005472708657,-0.2515583060308803,-0.6594151730242163,0.6277811101956705
261,0.3277332941541153,-0.24213571471712456,-0.6638012875353363,0.6271594966416031
262,0.32717879995011706,-0.23267365173987684,-0.6680933020642648,0.6264729398673966
263,0.3266369036516345,-0.22317359853313332,-0.6722910007806521,0.6257209348903022
264,0.32610792536462707,-0.2136370442555893,-0.6763941850477536,0.6249029850862448
265,0.32559217366826665,-0.20406548549617273,-0.6804026733974263,0.6240186023740155
266,0.3250899455223394,-0.19446042597786464,-0.684316301501407,0.6230673073980255
267,0.32460152617828447,-0.1848233762598792,-0.6881349221388728,0.6220486297095708
268,0.3241271890938876,-0.17515585343827092,-0.6918584051603137,0.620962107946558
269,0.32366719585165465,-0.16545938084503659,-0.6954866374477172,0.6198072900116386
270,0.32322179608088486,-0.15573548774577892,-0.6990195228710913,0.6185837332487037
271,0.32279122738346977,-0.14598570903600147,-0.7024569822413429,0.617291004617688
272,0.32237571526342923,-0.1362115849361044,-0.7057989532595249,0.6159286808676355
273,0.3219754730602085,-0.12641466068515156,-0.7090453904624712,0.6144963487079761
274,0.32159070188575484,-0.11659648623347374,-0.7121962651648437,0.6129936049779661
275,0.32122159056538324,-0.10675861593418245,-0.7152515653976108,0.6114200568142416
276,0.3208683155824581,-0.0969026082336642,-0.7182112958429729,0.6097753218164431
277,0.32053104102689334,-0.08703002536112592,-0.7210754777657649,0.6080590282108572
278,0.32020991854749337,-0.0771424330172516,-0.7238441489413552,0.6062708150120305
279,0.3199050873081428,-0.06724140006206769,-0.7265173635800646,0.6044103321823138
280,0.3196166739478581,-0.057328498202050826,-0.7290951922481297,0.6024772407892834
281,0.31934479254471215,-0.047405301676587575,-0.7315777217852392,0.6004712131610022
282,0.3190895445836365,-0.03747338694382207,-0.7339650552186663,0.5983919330390626
283,0.3188510189281194,-0.027534332365995673,-0.7362573116740244,0.5962390957293869
284,0.318629291795796,-0.01758971789432573,-0.7384546262826768,0.5940124082507194
285,0.31842442673794363,-0.007641124753505313,-0.7405571500858256,0.5917115894807818
286,0.31823647462288585,0.002309864874101397,-0.7425650499353107,0.5893363703000438
287,0.3180654736233084,0.01226166816450558,-0.7444785083911521,0.5868864937330636
288,0.3179114492074942,0.02221270196829478,-0.7462977236158583,0.584361715087365
289,0.3177744141344715,0.03216138312694011,-0.7480229092655426,0.5817618020897979
290,0.3176543684530854,0.042106128789108466,-0.7496542943778712,0.5790865350203559
291,0.3175512995049874,0.05204535672693378,-0.7511921232568839,0.5763357068433937
292,0.3174651819315422,0.061977485652158215,-0.7526366553547117,0.5735091233362225
293,0.3173959776846514,0.0719009355320796,-0.7539881651502365,0.570606603215031
294,0.31734363604149185,0.0818141279052273,-0.7552469420247204,0.5676279782581033
295,0.31730809362315837,0.09171548619670356,-0.7564132901344431,0.5645730934262859
296,0.3172892744172178,0.10160343603310817,-0.7574875282803879,0.5614418069806789
297,0.31728708980415166,0.11147640555698024,-0.7584699897750037,0.5582339905975033
298,0.31730143858769644,0.12133282574068543,-0.7593610223060917,0.55494952948012
299,0.31733220702906095,0.1311711306996769,-0.760160987797851,0.5515883224681509
300,0.31737926888502044,0.14098975800505442,-0.7608702622691206,0.5481502821436888
301,0.31744248544986886,0.15078714899535822,-0.7614892356888603,0.5446353349345389
302,0.31752170560122495,0.16056174908751936,-0.7620183118289092,0.5410434212144755
303,0.31761676584967646,0.1703120080869011,-0.7624579081140684,0.5373744954004779
304,0.31772749039224657,0.18003638049635595,-0.7628084554695375,0.5336285260469075
305,0.3178536911696759,0.18973332582423114,-0.7630703981657632,0.529805495936605
306,0.3179951679274936,0.19940130889125318,-0.763244193660729,0.5259054021688726
307,0.318151708280873,0.20903880013621828,-0.7633303124397398,0.5219282562443056
308,0.3183230877832429,0.2186442759204219,-0.763329237852736,0.5178740841464629
309,0.31850906999864553,0.22821621883075527,-0.7632414659491913,0.5137429264203258
310,0.3187094065778149,0.23775311798140852,-0.7630675053106323,0.5095348382475371
311,0.3189238373379585,0.24725346931409448,-0.7628078768808284,0.5052498895183828
312,0.3191520903462214,0.2567157758967461,-0.7624631137936995,0.5008881649004945
313,0.3193938820068061,0.2661385482206021,-0.7620337611989819,0.4964497639042499
314,0.3196489171517297,0.27552030449562426,-0.7615203760857105,0.49193480094484365
315,0.31991688913519123,0.28485957094417447,-0.7609235271035542,0.48734340540100607
316,0.32019747993152325,0.2941548820928848,-0.760243794382057,0.48267572167035216
317,0.32049036023670485,0.3034047810626564,-0.7594817693478374,0.4779319092213322
318,0.3207951895734017,0.3126078198567224,-0.7586380545397843,0.47311214264176676
319,0.321111616399516,0.32176255964670175,-0.7577132634223147,0.46821661168394957
320,0.3214392782202048,0.3308675710565924,-0.7567080201967247,0.46324552130629165
321,0.32177780170334447,0.3399214344446259,-0.7556229596106994,0.4581990917114943
322,0.3221268027984089,0.34892274018293107,-0.7544587267660243,0.4530775583812322
323,0.3224858868587293,0.3578700889349331,-0.7532159769245512,0.4478811721073299
324,0.3228546487670991,0.36676209193043363,-0.7518953753124694,0.44261019901941484
325,0.3232326730646963,0.37559737123830517,-0.7504975969229355,0.4372649206090338
326,0.32361953408328603,0.3843745600367403,-0.7490233263171129,0.4318456337502173
327,0.32401479608066386,0.39309230288099234,-0.7474732574236711,0.42635265071648154
328,0.32441801337931064,0.4017492559685505,-0.7458480933368035,0.42078629919424926
329,0.32482873050821615,0.41034408740168504,-0.744148546112808,0.4151469222926903
330,0.32524648234783554,0.41887547744730935,-0.7423753365652939,0.4094348785499533
331,0.3256707942781403,0.427342118794091,-0.7405291940590574,0.40365054193579947
332,0.3261011823297218,0.43574271680676996,-0.7386108563026925,0.39779430185061265
333,0.3265371533379062,0.4440759897776042,-0.7366210691399754,0.3918665631207866
334,0.326978205099848,0.45234066917490906,-0.734560586340094,0.3858677459904812
335,0.3274238265345437,0.4605354998886193,-0.7324301693867628,0.37979828610973787
336,0.3278734978457391,0.4686592404728219,-0.7302305872662851,0.37365863451895986
337,0.32832669068767606,0.4767106633852139,-0.7279626162546172,0.36744925762973246
338,0.32878286833363796,0.4846885552234155,-0.7256270397034847,0.36117063720200393
339,0.3292414858472485,0.49259171695810194,-0.7232246478256148,0.35482327031760574
340,0.3297019902564759,0.5004189641628922,-0.7207562374791289,0.3484076693501247
341,0.330163820730301,0.5081691272409464,-0.7182226119511614,0.3419243619311092
342,0.3306264087579892,0.5158410516482175,-0.7156245807407529,0.3353738909126322
343,0.3310891783309374,0.5234335981133174,-0.7129629593410775,0.32875681432618864
344,0.3315515461270277,0.5309456428539355,-0.7102385690210591,0.3220737053379492
345,0.33201292169745106,0.5383760777897745,-0.7074522366064314,0.3153251522003577
346,0.3324727076559443,0.5457238107519399,-0.704604794260298,0.3085117582000873
347,0.3329302998703926,0.5529877656887613,-0.7016970792632491,0.3016341416023509
348,0.3333850876567457,0.5601668828679702,-0.6987299337930932,0.2946929355915836
349,0.3338364539751901,0.5672601190752157,-0.6957042047042525,0.2876887882084864
350,0.3342837756285344,0.5742664478088573,-0.692620743306885,0.2806223622834551
351,0.33472642346274817,0.5811848594710021,-0.68948040514579,0.2734943353663943
352,0.3351637625695957,0.5880143615547362,-0.6862840497791453,0.26630539965292366
353,0.3355951524913212,0.594753978827519,-0.6830325405571369,0.25905626190699416
354,0.3360199474273233,0.6014027535106855,-0.6797267444005429,0.25174764337992034
355,0.33643749644276116,0.6079597454550381,-0.6763675315793137,0.2443802797258373
356,0.336847143679042,0.614424032312468,-0.6729557754912168,0.23695492091360496
357,0.3372482285661292,0.6207947097035864,-0.6694923524405962,0.22947233113515902
358,0.33764008603661444,0.6270708913813116,-0.6659781414173039,0.22193328871034274
359,0.33802204674149583,0.6332517093904015,-0.6624140238758529,0.2143385859882112
360,0.33839343726760696,0.6393363142228674,-0.6588008835148583,0.20668902924484234
361,0.3387535803566298,0.6453238749692585,-0.6551396060568135,0.198985438577671
362,0.3391017951256447,0.6512135794657758,-0.6514310790282554,0.19122864779634852
363,0.3394373972891472,0.6570046344371812,-0.6476761915403785,0.183419504310165
364,0.339759699382474,0.6626962656354802,-0.6438758340701511,0.17555886901204248
365,0.3400680109865819,0.668287717974338,-0.640030898241986,0.1676476161591276
366,0.3403616389541171,0.6737782556592109,-0.6361422766100209,0.1596866332499949
367,0.3406398876367089,0.679167162313155,-0.6322108624410633,0.1516768208984951
368,0.3409020591134316,0.6844537410982989,-0.6282375494982528,0.14361909270426015
369,0.34114745342037406,0.689637314832941,-0.6242232318254962,0.13551437511989997
370,0.3413753687812459,0.6947172261042596,-0.620168803532721,0.12736360731490357
371,0.3415851018389688,0.6996928373765999,-0.6160751585820141,0.1191677410362835
372,0.34177594788818305,0.7045635310953318,-0.6119431905746842,0.11092774046597875
373,0.34194720110860843,0.7093287097862397,-0.6077737925393097,0.10264458207504916
374,0.342098154799195,0.7139877961504408,-0.6035678567208179,0.09431925447468653
375,0.34222810161300266,0.718540233154798,-0.5993262743706516,0.0859527582640791
376,0.34233633379274314,0.7229854841178215,-0.5950499355380722,0.07754610587514403
377,0.34242214340692023,0.7273230327910357,-0.5907397288626509,0.06910032141417384
378,0.3424848225865074,0.7315523834357994,-0.5863965413679971,0.06061644050041794
379,0.34252366376209603,0.7356730608955567,-0.5820212582567779,0.05209551010164047
380,0.34253795990144587,0.7396846106635216,-0.5776147627070728,0.04353858836667136
381,0.34252700474738423,0.7435865989457613,-0.5731779356701178,0.03494674445500767
382,0.34249009305597383,0.7473786127196911,-0.5687116556694851,0.026321058363470623
383,0.3424265208348973,0.7510602597879479,-0.564216798601752,0.01766262074998856
384,0.3423355855819887,0.7546311688276496,-0.5596942375386948,0.00897253275450316
385,0.34221658652384457,0.7580909894350276,-0.5551448425310714,0.00025190581706652226
386,0.34206882485445034,0.7614393921654188,-0.5505694804140274,-0.008498138506849023
387,0.34189160397376095,0.7646760685686232,-0.5459690146141756,-0.017276468733789352
388,0.34168422972616763,0.7678007312196119,-0.5413443049584036,-0.026081943642455696
389,0.34144601063878144,0.7708131137445886,-0.5366962074844348,-0.034913412466525656
390,0.3411762581594774,0.7737129708423972,-0.5320255742532141,-0.04376971509008301
391,0.3408742868946242,0.7765000783012798,-0.5273332531631403,-0.05264968224564753
392,0.3405394148464419,0.7791742330109771,-0.5226200877662015,-0.06155213571474519
393,0.3401709636499211,0.7817352529701815,-0.5178869170860543,-0.07047588853098541
394,0.33976825880923217,0.784182977289337,-0.5131345754380902,-0.07941974518559072
395,0.33933062993356866,0.7865172661887914,-0.5083638922515257,-0.08838250183535615
396,0.33885741097235444,0.7887380009923047,-0.5035756918935711,-0.0973629465129707
397,0.33834794044975214,0.7908450841159249,-0.49877079349570125,-0.10635985933967523
398,0.33780156169840514,0.792838439052225,-0.49395001078208906,-0.11537201274019773
399,0.33721762309235465,0.7947180103499205,-0.48911415190022045,-0.1243981716599325
400,0.33659547827906033,0.796483763588871,-0.4842640192537497,-0.13343709378430552
401,0.33593448641046664,0.7981356853504729,-0.47940040933762085,-0.1424875297602862
402,0.3352340123730484,0.7996737831834612,-0.47452411257549343,-0.1515482234199988
403,0.33449342701676965,0.801098085565124,-0.4696359131595277,-0.16061791200637246
404,0.3337121073828967,0.8024086418579521,-0.4647365888925321,-0.16969532640080803
405,0.33288943693060213,0.8036055222617235,-0.4598269110325509,-0.17877919135277587
406,0.33202480576229,0.8046888177610575,-0.45490764413988527,-0.18786822571133466
407,0.33111761084759184,0.805658640068434,-0.44997954592662304,-0.19696114265848147
408,0.3301672562459562,0.8065151215627119,-0.4450433671086739,-0.2060566499443195
409,0.3291731533277834,0.8072584152231537,-0.4400998512603706,-0.2151534501239661
410,0.3281347209940396,0.8078886945589817,-0.4351497346716579,-0.22425024079615466
411,0.3270513858942795,0.8084061535344869,-0.43019374620789913,-0.23334571484349345
412,0.3259225826430332,0.8088110064897012,-0.4252326071723384,-0.2424385606743023
413,0.32474775403448597,0.8091034880566771,-0.420267031171239,-0.2515274624660062
414,0.32352635125539053,0.8092838530713726,-0.4152977239817436,-0.2606111004099978
415,0.3222578340961566,0.8093523764811869,-0.4103253834224651,-0.2696881509579462
416,0.32094167116006167,0.8093093532481594,-0.40535069922685346,-0.2787572870694741
417,0.3195773400705092,0.809155098247868,-0.4003743529193588,-0.2878171784611655
418,0.318164327676294,0.8088899461640441,-0.3953970176944115,-0.29686649185684066
419,0.31670213025480914,0.8085142513789432,-0.3904193582982611,-0.3059038912390415
420,0.31519025371313125,0.8080283878594964,-0.3854420309136853,-0.3149280381016726
421,0.3136282137869365,0.8074327490392722,-0.38046568304759093,-0.3239375917037578
422,0.31201553623718825,0.8067277476962753,-0.375490953421551,-0.3329312093242218
423,0.31035175704453893,0.8059138158266375,-0.3705184718652756,-0.34190754651767713
424,0.3086364226013891,0.8049914045141964,-0.36554885921305563,-0.3508652573711335
425,0.3068690899015572,0.8039609837960378,-0.360582727203191,-0.3598029947615866
426,0.30504932672749263,0.8028230425240042,-0.35562067838043077,-0.3687194106144207
427,0.3031767118349961,0.8015780882222262,-0.35066330600143913,-0.3776131561625752
428,0.3012508351353751,0.8002266469407026,-0.3457111939433108,-0.38648288220640514
429,0.29927129787499507,0.7987692631049766,-0.3407649166151457,-0.3953272393741941
430,0.29723771281217903,0.7972064993619397,-0.3358250388727117,-0.4041448783832457
431,0.29514970439138005,0.7955389364218071,-0.3308921159362015,-0.41293445030150444
432,0.2930069089146104,0.793767172896304,-0.3259666933111058,-0.42169460680964044
433,0.2908089747100518,0.7918918251331133,-0.32104930671220827,-0.43042400046354956
434,0.28855556229780527,0.7899135270466048,-0.31614048199072886,-0.43912128495719716
435,0.28624634455273845,0.7878329299449193,-0.31124073506461897,-0.44778511538575605
436,0.28388100686437484,0.785650702353431,-0.30635057185202175,-0.4564141485089701
437,0.281459247293782,0.7833675298346406,-0.3014704882079124,-0.46500704301469875
438,0.2789807767274114,0.7809841148045435,-0.29660096986392304,-0.4735624597825658
439,0.27644531902784614,0.7785011763455234,-0.29174249237136923,-0.4820790621476634
440,0.2738526111814093,0.7759194500158162,-0.2868955210474769,-0.4905555161642508
441,0.27120240344259383,0.7732396876555934,-0.2820605109248308,-0.49899049086937974
442,0.2684944594752622,0.7704626571897126,-0.2772379067040341,-0.5073826585464061
443,0.2657285564905879,0.7675891424271923,-0.27242814270959953,-0.5157306949882995
444,0.26290448538167643,0.7646199428574464,-0.2676316428490742,-0.5240332797607202
445,0.2600220508548524,0.7615558734433542,-0.26284882057539516,-0.5322890964647792
446,0.2570810715575461,0.7583977644111906,-0.2580800788524898,-0.54049683299944
447,0.25408138020275833,0.755146461037494,-0.25332581012411126,-0.5486551818234953
448,0.25102282369005896,0.751802823432905,-0.24858639628592355,-0.556762840217053
449,0.24790526322308173,0.748367726323051,-0.24386220866083108,-0.5648185105424781
450,0.24472857442348195,0.7448420588265102,-0.23915360797754343,-0.5728209005047384
451,0.24149264744131888,0.7412267242299302,-0.2344609443523978,-0.5807687234110768
452,0.2381973870618278,0.7375226397603436,-0.22978455727440994,-0.588660698429966
453,0.23484271280855273,0.7337307363547465,-0.22512477559357427,-0.5964955508492781
454,0.23142855904280113,0.7298519584269921,-0.22048191751239105,-0.604272012333614
455,0.22795487505939183,0.7258872636320597,-0.21585629058063124,-0.6119888211807363
456,0.22442162517866737,0.7218376226277592,-0.21124819169332265,-0.6196447225770355
457,0.220828788834734,0.7177040188339319,-0.20665790709196039,-0.6272384688519824
458,0.21717636065990947,0.713487448189196,-0.20208571236892556,-0.6347688197315073
459,0.21346435056534166,0.7091889189053205,-0.1975318724751132,-0.6422345425902407
460,0.2096927838177798,0.7048094512192602,-0.19299664173075293,-0.6496344127025651
461,0.20586170111246174,0.7003500771429405,-0.1884802638394222,-0.6569672134924114
462,0.2019711586421004,0.6958118402108305,-0.183982971905229,-0.6642317367817537
463,0.19802122816194723,0.6911957952253867,-0.1795049884531674,-0.6714267830377392
464,0.19401199705089334,0.6865030080004149,-0.1750465254526215,-0.6785511616183932
465,0.1899435683686116,0.6817345551024274,-0.1706077843440123,-0.6856036910168445
466,0.18581606090869218,0.676891523590045,-0.1661889560685743,-0.6925831991040224
467,0.18162960924777288,0.6719750107515227,-0.16179022110123734,-0.6994885233697588
468,0.177384363790629,0.6669861238404509,-0.15741174948661535,-0.7063185111622433
469,0.1730804908112146,0.6619259798097084,-0.1530537008780689,-0.7130720199257808
470,0.16871817248963872,0.6567957050437262,-0.1487162245798372,-0.719747917436786
471,0.16429760694504436,0.651596435089126,-0.14439945959221195,-0.7263450820379738
472,0.15981900826440254,0.6463293143838106,-0.14010353465974426,-0.7328624028706767
473,0.15528260652717854,0.6409954959845544,-0.13582856832245596,-0.739298780105251
474,0.15068864782588293,0.6355961412931861,-0.13157466897004483,-0.7456531251695007
475,0.14603739428247114,0.6301324197814018,-0.12734193489905182,-0.7519243609750826
476,0.1413291240606033,0.6246055087143012,-0.12313045437297632,-0.758111422141835
477,0.1365641313737381,0.6190165928726994,-0.11894030568531858,-0.7642132552199647
478,0.13174272648905702,0.6133668642742877,-0.1147715572255195,-0.7702288189100599
479,0.12686523572721894,0.6076575218937105,-0.11062426754777421,-0.7761570842808755
480,0.12193200145792071,0.6018897713816295,-0.10649848544270304,-0.7819970349848178
481,0.11694338209127614,0.5960648247828328,-0.10239425001184446,-0.7877476674711115
482,0.11189975206500136,0.5901839002534804,-0.09831159074495238,-0.7934079911965704
483,0.10680150182739913,0.5842482217775277,-0.09425052760005877,-0.7989770288339452
484,0.10164903781614444,0.5782590188824142,-0.09021107108629012,-0.8044538164777794
485,0.09644278243286866,0.5722175263540785,-0.08619322234939593,-0.8098374038477433
486,0.09118317401354828,0.5661249839513811,-0.08219697325996789,-0.8151268544893879
487,0.08587066679468129,0.559982636119979,-0.0782223065043125,-0.8203212459722723
488,0.08050573087527679,0.5537917317057532,-0.07426919567795774,-0.8254196700854237
489,0.07508885217463938,0.5475535236678319,-0.07033760538174905,-0.8304212330300799
490,0.06962053238596558,0.541269268791294,-0.06642749132051594,-0.8353250556096681
491,0.06410128892575565,0.5349402273996222,-0.06253880040426711,-0.8401302734169819
492,0.05853165487903611,0.5285676630669621,-0.058671470851884164,-0.8448360370185023
493,0.05291217894041932,0.5221528423302723,-0.05482543229728222,-0.8494415121358336
494,0.04724342535098606,0.5156970344014284,-0.051000605897997944,-0.8539458798241928
495,0.041525973831023535,0.5092015108793528,-0.04719690444617843,-0.8583483366479299
496,0.03576041950860537,0.502667545462228,-0.04341423248192033,-0.8626480948530244
497,0.029947372844047616,0.4960964136598822,-0.03965248640894237,-0.8668443825365264
498,0.024087459550232646,0.48948939250640283,-0.035911554612533654,-0.8709364438128873
499,0.01818132050883643,0.4828477602730518,-0.03219131757976514,-0.8749235389771677
